(./分词对照集/人民日报训练集/20200101-01-01.txt,[0, 0, 0, 0, 0, 0.12, 0, 0, 0, 0, 0, 0, 0, 0, 0, 0, 0, 0, 0, 0, -1.0])
(./分词对照集/人民日报训练集/20200101-01-02.txt,[0, 0.13, 0, 0.11, 0, 0, 0, 0.05, 0, 0.14, 0, 0.06, 0, 0.07, 0, 0, 0, 0.08, 0, 0.24, -1.0])
(./分词对照集/人民日报训练集/20200101-01-03.txt,[0, 0, 0, 0, 0, 0.12, 0, 0, 0, 0, 0, 0.06, 0, 0.07, 0, 0, 0, 0, 0, 0.24, -1.0])
(./分词对照集/人民日报训练集/20200101-01-04.txt,[0, 0.13, 0, 0.11, 0, 0, 0, 0.05, 0, 0.14, 0, 0.06, 0, 0, 0, 0, 0, 0.08, 0, 0.24, -1.0])
(./分词对照集/人民日报训练集/20200101-02-01.txt,[0, 0.13, 0, 0.11, 0, 0, 0, 0.05, 0, 0.14, 0, 0.06, 0, 0.07, 0, 0, 0, 0.08, 0, 0.24, -1.0])
(./分词对照集/人民日报训练集/20200101-02-02.txt,[0, 0, 0, 0, 0, 0, 0, 0, 0, 0, 0, 0, 0, 0, 0, 0, 0, 0, 0, 0, -1.0])
(./分词对照集/人民日报训练集/20200110-01-01.txt,[0, 0, 0, 0, 0, 0, 0, 0, 0, 0, 0, 0, 0, 0, 0, 0, 0, 0, 0, 0, -1.0])
(./分词对照集/人民日报训练集/20200110-01-02.txt,[0, 0, 0, 0.11, 0, 0, 0, 0, 0, 0.14, 0, 0.06, 0, 0, 0, 0, 0, 0.08, 0, 0.24, -1.0])
(./分词对照集/人民日报训练集/20200110-01-03.txt,[0, 0, 0, 0.11, 0, 0.12, 0, 0, 0, 0.14, 0, 0, 0, 0.07, 0, 0.09, 0, 0.08, 0, 0.24, -1.0])
(./分词对照集/人民日报训练集/20200110-01-04.txt,[0, 0, 0, 0.11, 0, 0.12, 0, 0, 0, 0, 0, 0.06, 0, 0.07, 0, 0, 0, 0.08, 0, 0.24, -1.0])
(./分词对照集/人民日报训练集/20200110-01-05.txt,[0, 0, 0, 0.11, 0, 0, 0, 0, 0, 0, 0, 0, 0, 0.07, 0, 0, 0, 0, 0, 0.24, -1.0])
(./分词对照集/人民日报训练集/20200110-01-06.txt,[0, 0, 0, 0.11, 0, 0.12, 0, 0, 0, 0.14, 0, 0.06, 0, 0.07, 0, 0, 0, 0, 0, 0.24, -1.0])
(./分词对照集/人民日报训练集/20200110-01-07.txt,[0, 0, 0, 0.11, 0, 0, 0, 0, 0, 0, 0, 0.06, 0, 0.07, 0, 0, 0, 0, 0, 0.24, -1.0])
(./分词对照集/人民日报训练集/20200110-01-08.txt,[0, 0, 0, 0.11, 0, 0, 0, 0, 0, 0.14, 0, 0.06, 0, 0, 0, 0, 0, 0, 0, 0.24, -1.0])
(./分词对照集/人民日报训练集/20200201-01-01.txt,[0, 0, 0, 0, 0, 0, 0, 0, 0, 0, 0, 0, 0, 0, 0.19, 0, 0, 0, 0, 0, 1.0])
(./分词对照集/人民日报训练集/20200201-01-02.txt,[0, 0, 0, 0.11, 0, 0, 0, 0, 0, 0, 0, 0, 0, 0, 0, 0, 0, 0, 0, 0.24, -1.0])
(./分词对照集/人民日报训练集/20200201-01-03.txt,[0.11, 0, 0, 0, 0, 0, 0.1, 0, 0, 0, 0, 0, 0.1, 0, 0.19, 0, 0, 0, 0, 0, 1.0])
(./分词对照集/人民日报训练集/20200201-01-04.txt,[0.11, 0, 0.19, 0, 0.28, 0, 0.1, 0, 0.15, 0, 0, 0, 0.1, 0, 0.19, 0, 0, 0, 0, 0, 1.0])
(./分词对照集/人民日报训练集/20200201-01-05.txt,[0.11, 0, 0.19, 0, 0, 0, 0.1, 0, 0.15, 0.14, 0, 0, 0.1, 0, 0.19, 0, 0.14, 0.08, 0.07, 0.24, 1.0])
(./分词对照集/人民日报训练集/20200201-06-01.txt,[0, 0, 0, 0, 0, 0, 0, 0, 0, 0, 0, 0, 0, 0, 0, 0, 0, 0, 0, 0, -1.0])
(./分词对照集/人民日报训练集/20200201-06-02.txt,[0, 0, 0, 0, 0, 0, 0, 0.05, 0, 0, 0, 0, 0, 0.07, 0, 0, 0, 0, 0, 0, -1.0])
(./分词对照集/人民日报训练集/20200201-06-03.txt,[0, 0, 0, 0, 0, 0, 0, 0, 0, 0, 0, 0, 0, 0, 0, 0, 0, 0, 0, 0, -1.0])
(./分词对照集/人民日报训练集/20200201-06-04.txt,[0, 0, 0, 0, 0, 0, 0, 0, 0, 0, 0, 0, 0, 0, 0, 0, 0, 0, 0, 0, -1.0])
(./分词对照集/人民日报训练集/20200201-07-01.txt,[0, 0, 0, 0.11, 0, 0.12, 0, 0, 0, 0.14, 0, 0, 0, 0.07, 0, 0, 0, 0.08, 0, 0.24, -1.0])
(./分词对照集/人民日报训练集/20200201-07-02.txt,[0, 0, 0, 0, 0, 0, 0, 0, 0, 0, 0, 0, 0, 0, 0, 0, 0, 0, 0, 0, -1.0])
(./分词对照集/人民日报训练集/20200201-07-03.txt,[0, 0, 0, 0, 0, 0, 0, 0, 0, 0, 0, 0, 0, 0, 0, 0, 0, 0, 0, 0, -1.0])
(./分词对照集/人民日报训练集/20200201-07-04.txt,[0, 0, 0, 0, 0, 0, 0, 0, 0, 0.14, 0, 0, 0, 0, 0, 0, 0, 0, 0, 0, -1.0])
(./分词对照集/人民日报训练集/20200201-07-05.txt,[0, 0, 0, 0, 0, 0, 0, 0, 0, 0, 0, 0, 0, 0, 0, 0, 0, 0, 0, 0, -1.0])
(./分词对照集/人民日报训练集/20200201-07-06.txt,[0, 0, 0, 0, 0, 0, 0, 0, 0, 0, 0, 0, 0, 0, 0, 0, 0, 0, 0.07, 0, -1.0])
(./分词对照集/人民日报训练集/20200201-07-07.txt,[0, 0, 0, 0, 0, 0, 0, 0, 0, 0, 0, 0, 0, 0, 0, 0, 0, 0, 0, 0, -1.0])
(./分词对照集/人民日报训练集/20200201-08-01.txt,[0, 0, 0, 0, 0, 0, 0, 0, 0, 0, 0, 0.06, 0, 0, 0, 0, 0, 0, 0, 0, -1.0])
(./分词对照集/人民日报训练集/20200201-08-02.txt,[0, 0.13, 0, 0, 0, 0, 0, 0, 0, 0, 0, 0, 0, 0, 0, 0.09, 0, 0, 0, 0, -1.0])
(./分词对照集/人民日报训练集/20200201-08-03.txt,[0, 0, 0, 0, 0, 0, 0, 0, 0, 0, 0, 0, 0, 0, 0, 0, 0, 0, 0, 0, -1.0])
(./分词对照集/人民日报训练集/20200302-01-01.txt,[0.11, 0, 0.19, 0, 0, 0, 0.1, 0, 0.15, 0, 0.12, 0, 0, 0, 0.19, 0, 0.14, 0, 0, 0, 1.0])
(./分词对照集/人民日报训练集/20200302-01-02.txt,[0, 0, 0, 0, 0, 0, 0, 0, 0, 0.14, 0, 0.06, 0, 0.07, 0, 0, 0, 0.08, 0, 0.24, -1.0])
(./分词对照集/人民日报训练集/20200302-01-03.txt,[0.11, 0, 0, 0.11, 0, 0, 0, 0, 0.15, 0, 0.12, 0.06, 0, 0, 0.19, 0, 0, 0.08, 0, 0.24, 1.0])
(./分词对照集/人民日报训练集/20200302-01-04.txt,[0.11, 0, 0, 0, 0, 0, 0, 0.05, 0, 0, 0.12, 0, 0, 0, 0.19, 0, 0, 0.08, 0, 0, -1.0])
(./分词对照集/人民日报训练集/20200302-01-05.txt,[0, 0, 0, 0, 0, 0, 0, 0, 0, 0, 0, 0, 0, 0, 0.19, 0, 0, 0, 0, 0, 1.0])
(./分词对照集/人民日报训练集/20200302-01-06.txt,[0, 0, 0, 0, 0, 0, 0, 0, 0, 0, 0, 0, 0, 0, 0, 0, 0, 0.08, 0, 0.24, -1.0])
(./分词对照集/人民日报训练集/20200302-02-01.txt,[0.11, 0, 0, 0, 0, 0, 0, 0, 0.15, 0, 0.12, 0, 0, 0, 0.19, 0, 0, 0, 0.07, 0, 1.0])
(./分词对照集/人民日报训练集/20200302-02-02.txt,[0.11, 0, 0, 0, 0, 0, 0.1, 0, 0.15, 0, 0.12, 0, 0, 0, 0.19, 0, 0, 0, 0, 0, 1.0])
(./分词对照集/人民日报训练集/20200302-02-03.txt,[0, 0, 0, 0, 0, 0, 0.1, 0, 0, 0, 0, 0, 0, 0, 0, 0, 0.14, 0.08, 0, 0, 1.0])
(./分词对照集/人民日报训练集/20200302-02-04.txt,[0, 0, 0.19, 0, 0.28, 0, 0, 0, 0.15, 0, 0, 0, 0, 0, 0.19, 0, 0, 0, 0.07, 0, 1.0])
(./分词对照集/人民日报训练集/20200302-02-05.txt,[0, 0, 0, 0, 0, 0, 0, 0, 0, 0, 0, 0, 0, 0, 0.19, 0, 0, 0, 0, 0, 1.0])
(./分词对照集/人民日报训练集/20200302-02-06.txt,[0.11, 0.13, 0.19, 0, 0.28, 0, 0, 0, 0, 0, 0.12, 0.06, 0, 0, 0.19, 0, 0.14, 0, 0, 0.24, 1.0])
(./分词对照集/人民日报训练集/20200302-02-07.txt,[0, 0, 0, 0.11, 0, 0, 0, 0, 0, 0, 0, 0, 0, 0.07, 0.19, 0, 0, 0, 0, 0.24, 1.0])
(./分词对照集/人民日报训练集/20200302-02-08.txt,[0.11, 0, 0.19, 0, 0.28, 0, 0, 0, 0, 0, 0.12, 0, 0, 0, 0.19, 0, 0, 0, 0.07, 0, 1.0])
(./分词对照集/人民日报训练集/20200302-03-01.txt,[0.11, 0, 0, 0, 0, 0, 0, 0, 0, 0.14, 0.12, 0, 0, 0.07, 0.19, 0, 0, 0, 0.07, 0.24, 1.0])
(./分词对照集/人民日报训练集/20200310-01-01.txt,[0, 0, 0, 0, 0, 0, 0, 0, 0, 0, 0, 0, 0, 0, 0, 0, 0, 0, 0, 0, -1.0])
(./分词对照集/人民日报训练集/20200310-01-02.txt,[0.11, 0, 0, 0.11, 0, 0, 0, 0.05, 0, 0, 0.12, 0.06, 0, 0, 0.19, 0.09, 0, 0.08, 0, 0.24, -1.0])
(./分词对照集/人民日报训练集/20200310-01-03.txt,[0.11, 0, 0.19, 0, 0.28, 0, 0.1, 0, 0.15, 0.14, 0.12, 0.06, 0, 0, 0.19, 0, 0.14, 0.08, 0.07, 0, 1.0])
(./分词对照集/人民日报训练集/20200310-01-04.txt,[0.11, 0.13, 0, 0.11, 0, 0, 0, 0.05, 0, 0.14, 0.12, 0.06, 0, 0.07, 0.19, 0.09, 0, 0.08, 0, 0.24, -1.0])
(./分词对照集/人民日报训练集/20200310-01-05.txt,[0.11, 0, 0.19, 0.11, 0.28, 0, 0, 0, 0.15, 0, 0.12, 0, 0, 0, 0.19, 0, 0, 0, 0.07, 0.24, 1.0])
(./分词对照集/人民日报训练集/20200310-01-06.txt,[0, 0, 0, 0, 0, 0, 0, 0, 0, 0.14, 0, 0, 0, 0, 0.19, 0, 0, 0, 0, 0, 1.0])
(./分词对照集/人民日报训练集/20200310-01-07.txt,[0.11, 0, 0, 0.11, 0, 0, 0, 0, 0.15, 0.14, 0.12, 0, 0, 0.07, 0.19, 0.09, 0, 0, 0, 0.24, 1.0])
(./分词对照集/人民日报训练集/20200310-12-05.txt,[0, 0, 0, 0, 0, 0, 0, 0, 0, 0, 0, 0, 0, 0, 0.19, 0, 0, 0, 0, 0, 1.0])
(./分词对照集/人民日报训练集/20200310-12-06.txt,[0.11, 0, 0, 0, 0, 0, 0, 0, 0, 0, 0.12, 0, 0, 0, 0.19, 0, 0, 0, 0, 0, -1.0])
(./分词对照集/人民日报训练集/20200310-12-07.txt,[0, 0, 0, 0, 0, 0, 0, 0, 0, 0.14, 0, 0, 0, 0, 0, 0, 0, 0, 0, 0, -1.0])
(./分词对照集/人民日报训练集/20200310-13-01.txt,[0.11, 0, 0, 0, 0, 0, 0.1, 0, 0, 0.14, 0.12, 0.06, 0, 0, 0.19, 0.09, 0, 0.08, 0, 0, 1.0])
(./分词对照集/人民日报训练集/20200310-13-02.txt,[0.11, 0, 0, 0, 0, 0, 0.1, 0, 0.15, 0.14, 0.12, 0, 0, 0, 0.19, 0, 0.14, 0, 0.07, 0, 1.0])
(./分词对照集/人民日报训练集/20200310-13-03.txt,[0, 0, 0, 0, 0, 0, 0, 0, 0, 0, 0, 0, 0, 0, 0.19, 0, 0, 0.08, 0, 0.24, 1.0])
(./分词对照集/人民日报训练集/20200310-13-04.txt,[0, 0, 0, 0.11, 0, 0, 0, 0, 0, 0, 0, 0, 0, 0.07, 0.19, 0, 0, 0, 0, 0, 1.0])
(./分词对照集/人民日报训练集/20200310-13-05.txt,[0, 0, 0, 0, 0, 0, 0, 0, 0.15, 0, 0, 0, 0, 0, 0.19, 0, 0, 0, 0, 0, 1.0])
(./分词对照集/人民日报训练集/20200310-14-01.txt,[0, 0.13, 0, 0, 0, 0.12, 0, 0, 0, 0.14, 0, 0, 0, 0, 0.19, 0.09, 0, 0.08, 0, 0.24, -1.0])
(./分词对照集/人民日报训练集/20200310-14-02.txt,[0.11, 0, 0, 0, 0, 0, 0, 0, 0, 0, 0.12, 0, 0, 0, 0.19, 0, 0, 0.08, 0, 0, -1.0])
(./分词对照集/人民日报训练集/20200310-14-03.txt,[0.11, 0.13, 0, 0, 0, 0, 0, 0, 0, 0, 0.12, 0, 0, 0, 0.19, 0, 0, 0, 0, 0, -1.0])
(./分词对照集/人民日报训练集/20200310-14-04.txt,[0, 0, 0, 0, 0, 0, 0, 0, 0, 0.14, 0, 0, 0, 0, 0, 0, 0, 0, 0, 0, -1.0])
(./分词对照集/人民日报训练集/20200310-14-05.txt,[0, 0, 0, 0, 0, 0, 0, 0, 0, 0, 0, 0, 0, 0, 0, 0, 0, 0, 0, 0, -1.0])
(./分词对照集/人民日报训练集/20200310-14-06.txt,[0, 0, 0, 0, 0, 0, 0, 0, 0, 0, 0, 0, 0, 0, 0, 0, 0, 0, 0, 0, -1.0])
(./分词对照集/人民日报训练集/20200310-15-01.txt,[0, 0, 0, 0.11, 0, 0.12, 0, 0, 0, 0.14, 0, 0.06, 0, 0.07, 0.19, 0.09, 0.14, 0.08, 0.07, 0.24, -1.0])
(./分词对照集/人民日报训练集/20200402-01-01.txt,[0, 0, 0, 0.11, 0, 0, 0, 0, 0, 0, 0, 0, 0, 0, 0, 0, 0, 0, 0, 0.24, -1.0])
(./分词对照集/人民日报训练集/20200402-01-02.txt,[0.11, 0.13, 0, 0.11, 0, 0.12, 0, 0, 0, 0.14, 0.12, 0, 0, 0.07, 0.19, 0.09, 0, 0.08, 0, 0.24, 1.0])
(./分词对照集/人民日报训练集/20200402-02-01.txt,[0.11, 0, 0.19, 0.11, 0.28, 0, 0, 0.05, 0, 0.14, 0.12, 0, 0, 0, 0.19, 0.09, 0, 0.08, 0, 0.24, 1.0])
(./分词对照集/人民日报训练集/20200402-02-02.txt,[0.11, 0, 0, 0.11, 0.28, 0, 0, 0, 0, 0, 0.12, 0.06, 0, 0, 0.19, 0.09, 0, 0.08, 0, 0.24, 1.0])
(./分词对照集/人民日报训练集/20200402-02-03.txt,[0, 0.13, 0, 0.11, 0, 0.12, 0, 0, 0, 0.14, 0, 0, 0, 0.07, 0.19, 0.09, 0, 0.08, 0, 0.24, 1.0])
(./分词对照集/人民日报训练集/20200402-03-01.txt,[0.11, 0, 0, 0, 0, 0, 0.1, 0, 0, 0, 0.12, 0, 0, 0, 0.19, 0, 0, 0, 0.07, 0, 1.0])
(./分词对照集/人民日报训练集/20200402-03-02.txt,[0.11, 0, 0.19, 0.11, 0.28, 0, 0, 0, 0, 0, 0.12, 0, 0, 0, 0.19, 0, 0, 0, 0, 0, 1.0])
(./分词对照集/人民日报训练集/20200402-03-03.txt,[0.11, 0, 0, 0, 0, 0, 0, 0, 0, 0, 0.12, 0, 0, 0, 0.19, 0, 0, 0.08, 0, 0, 1.0])
(./分词对照集/人民日报训练集/20200402-03-04.txt,[0.11, 0, 0, 0, 0, 0, 0, 0, 0, 0, 0.12, 0, 0, 0, 0.19, 0, 0, 0, 0, 0.24, 1.0])
(./分词对照集/人民日报训练集/20200402-03-05.txt,[0, 0, 0, 0, 0, 0, 0, 0, 0, 0, 0, 0, 0, 0, 0, 0, 0, 0, 0, 0, -1.0])
(./分词对照集/人民日报训练集/20200402-03-06.txt,[0.11, 0, 0, 0, 0, 0, 0.1, 0, 0.15, 0, 0.12, 0, 0, 0, 0.19, 0, 0, 0, 0, 0.24, 1.0])
(./分词对照集/人民日报训练集/20200402-03-07.txt,[0, 0, 0.19, 0, 0.28, 0, 0, 0, 0.15, 0, 0, 0, 0, 0, 0.19, 0, 0, 0, 0, 0, 1.0])
(./分词对照集/人民日报训练集/20200402-03-08.txt,[0, 0, 0, 0, 0, 0, 0, 0, 0, 0, 0, 0, 0, 0, 0, 0, 0, 0, 0, 0, -1.0])
(./分词对照集/人民日报训练集/20200402-04-01.txt,[0.11, 0, 0, 0.11, 0, 0.12, 0, 0, 0.15, 0, 0.12, 0, 0, 0, 0.19, 0, 0.14, 0.08, 0, 0, 1.0])
(./分词对照集/人民日报训练集/20200402-04-02.txt,[0.11, 0, 0.19, 0, 0.28, 0, 0, 0, 0, 0, 0.12, 0, 0, 0.07, 0.19, 0, 0, 0, 0.07, 0, 1.0])
(./分词对照集/人民日报训练集/20200410-01-01.txt,[0, 0, 0, 0.11, 0, 0.12, 0, 0.05, 0, 0.14, 0, 0, 0, 0.07, 0.19, 0.09, 0, 0.08, 0, 0.24, -1.0])
(./分词对照集/人民日报训练集/20200410-01-02.txt,[0.11, 0, 0, 0, 0, 0, 0, 0, 0.15, 0, 0.12, 0, 0, 0, 0.19, 0, 0, 0, 0, 0, 1.0])
(./分词对照集/人民日报训练集/20200410-01-03.txt,[0.11, 0, 0, 0.11, 0, 0, 0, 0, 0, 0.14, 0.12, 0, 0, 0.07, 0.19, 0, 0.14, 0, 0, 0.24, 1.0])
(./分词对照集/人民日报训练集/20200410-01-04.txt,[0.11, 0, 0, 0.11, 0, 0, 0, 0, 0, 0, 0.12, 0, 0, 0, 0.19, 0, 0, 0, 0.07, 0.24, 1.0])
(./分词对照集/人民日报训练集/20200410-01-05.txt,[0, 0, 0, 0, 0, 0, 0, 0, 0.15, 0, 0, 0, 0, 0, 0.19, 0, 0, 0, 0.07, 0, 1.0])
(./分词对照集/人民日报训练集/20200410-01-06.txt,[0, 0, 0, 0, 0, 0, 0, 0, 0, 0, 0, 0, 0, 0, 0.19, 0, 0, 0, 0, 0, 1.0])
(./分词对照集/人民日报训练集/20200410-05-01.txt,[0.11, 0, 0, 0.11, 0, 0, 0, 0, 0, 0.14, 0.12, 0, 0, 0, 0.19, 0, 0, 0, 0, 0.24, 1.0])
(./分词对照集/人民日报训练集/20200410-05-02.txt,[0, 0, 0, 0.11, 0, 0.12, 0, 0, 0, 0.14, 0, 0.06, 0, 0, 0, 0.09, 0, 0.08, 0, 0.24, -1.0])
(./分词对照集/人民日报训练集/20200410-05-03.txt,[0.11, 0, 0, 0, 0, 0.12, 0, 0, 0, 0.14, 0, 0.06, 0.1, 0, 0.19, 0.09, 0, 0.08, 0, 0.24, 1.0])
(./分词对照集/人民日报训练集/20200410-05-04.txt,[0, 0, 0, 0, 0, 0.12, 0, 0, 0, 0, 0, 0, 0, 0, 0.19, 0, 0, 0, 0, 0, 1.0])
(./分词对照集/人民日报训练集/20200410-05-05.txt,[0.11, 0, 0, 0, 0, 0.12, 0, 0, 0, 0.14, 0.12, 0, 0, 0, 0.19, 0, 0, 0.08, 0, 0, 1.0])
(./分词对照集/人民日报训练集/20200410-05-06.txt,[0.11, 0, 0, 0, 0, 0, 0, 0, 0, 0, 0.12, 0, 0, 0, 0.19, 0, 0, 0.08, 0.07, 0.24, 1.0])
(./分词对照集/人民日报训练集/20200410-06-01.txt,[0, 0, 0, 0.11, 0, 0.12, 0, 0.05, 0, 0.14, 0, 0, 0, 0.07, 0, 0.09, 0, 0.08, 0, 0.24, -1.0])
(./分词对照集/人民日报训练集/20200410-06-02.txt,[0, 0, 0, 0.11, 0, 0.12, 0, 0.05, 0, 0.14, 0, 0, 0, 0.07, 0.19, 0.09, 0, 0.08, 0, 0.24, -1.0])
(./分词对照集/人民日报训练集/20200410-06-03.txt,[0, 0.13, 0, 0, 0, 0, 0, 0, 0, 0.14, 0, 0, 0, 0, 0, 0, 0, 0, 0, 0.24, -1.0])
(./分词对照集/人民日报训练集/20200410-06-04.txt,[0, 0, 0, 0, 0, 0, 0, 0, 0, 0, 0, 0, 0, 0, 0, 0, 0, 0, 0, 0, 1.0])
(./分词对照集/人民日报训练集/20200410-07-01.txt,[0, 0, 0, 0, 0, 0, 0, 0, 0, 0, 0, 0, 0, 0, 0.19, 0.09, 0, 0.08, 0, 0.24, -1.0])
(./分词对照集/人民日报训练集/20200410-07-02.txt,[0.11, 0.13, 0, 0.11, 0, 0, 0, 0.05, 0, 0.14, 0.12, 0, 0, 0.07, 0.19, 0.09, 0, 0, 0, 0.24, -1.0])
(./分词对照集/人民日报训练集/20200410-07-03.txt,[0, 0, 0, 0, 0, 0, 0, 0, 0, 0, 0, 0, 0, 0, 0.19, 0, 0, 0, 0, 0, 1.0])
(./分词对照集/人民日报训练集/20200501-01-01.txt,[0.11, 0, 0, 0.11, 0, 0, 0, 0, 0, 0, 0.12, 0, 0, 0, 0.19, 0, 0, 0, 0, 0.24, 1.0])
(./分词对照集/人民日报训练集/20200501-01-02.txt,[0.11, 0, 0, 0, 0, 0, 0, 0, 0.15, 0, 0.12, 0, 0, 0, 0.19, 0, 0, 0, 0, 0.24, 1.0])
(./分词对照集/人民日报训练集/20200501-01-03.txt,[0.11, 0, 0, 0.11, 0, 0.12, 0, 0, 0, 0.14, 0.12, 0, 0, 0.07, 0.19, 0, 0, 0, 0, 0.24, 1.0])
(./分词对照集/人民日报训练集/20200501-01-04.txt,[0, 0, 0, 0, 0, 0, 0, 0, 0, 0.14, 0, 0.06, 0, 0.07, 0, 0, 0, 0.08, 0, 0.24, 1.0])
(./分词对照集/人民日报训练集/20200501-01-05.txt,[0.11, 0, 0.19, 0.11, 0, 0, 0.1, 0, 0, 0, 0.12, 0, 0, 0.07, 0.19, 0, 0, 0, 0, 0, 1.0])
(./分词对照集/人民日报训练集/20200501-01-06.txt,[0.11, 0.13, 0, 0.11, 0, 0.12, 0, 0.05, 0, 0.14, 0.12, 0, 0, 0.07, 0.19, 0.09, 0, 0, 0, 0.24, -1.0])
(./分词对照集/人民日报训练集/20200501-01-07.txt,[0, 0.13, 0, 0.11, 0, 0, 0, 0, 0, 0, 0, 0.06, 0, 0.07, 0.19, 0, 0, 0, 0, 0, -1.0])
(./分词对照集/人民日报训练集/20200501-01-08.txt,[0, 0, 0, 0, 0, 0, 0, 0, 0.15, 0, 0, 0.06, 0, 0, 0, 0, 0, 0, 0, 0, 1.0])
(./分词对照集/人民日报训练集/20200501-02-01.txt,[0, 0, 0, 0, 0, 0, 0, 0, 0, 0, 0, 0, 0, 0, 0.19, 0, 0, 0.08, 0, 0, -1.0])
(./分词对照集/人民日报训练集/20200501-02-02.txt,[0.11, 0, 0, 0.11, 0, 0, 0, 0, 0, 0.14, 0.12, 0.06, 0, 0, 0.19, 0, 0, 0.08, 0, 0.24, 1.0])
(./分词对照集/人民日报训练集/20200501-02-03.txt,[0, 0.13, 0, 0.11, 0, 0, 0, 0, 0, 0, 0, 0.06, 0, 0.07, 0.19, 0, 0, 0, 0, 0, -1.0])
(./分词对照集/人民日报训练集/20200501-02-04.txt,[0, 0, 0, 0, 0, 0, 0, 0, 0, 0, 0, 0.06, 0, 0, 0, 0, 0, 0, 0, 0, 1.0])
(./分词对照集/人民日报训练集/20200501-02-05.txt,[0, 0, 0, 0, 0, 0, 0, 0, 0, 0, 0, 0, 0, 0, 0, 0, 0, 0.08, 0, 0, -1.0])
(./分词对照集/人民日报训练集/20200501-02-06.txt,[0, 0, 0, 0, 0, 0, 0, 0, 0, 0, 0, 0, 0, 0, 0.19, 0, 0, 0, 0, 0, 1.0])
(./分词对照集/人民日报训练集/20200501-02-07.txt,[0, 0, 0.19, 0, 0.28, 0, 0.1, 0, 0, 0, 0, 0, 0, 0, 0.19, 0, 0.14, 0, 0.07, 0, 1.0])
(./分词对照集/人民日报训练集/20200501-03-01.txt,[0.11, 0, 0.19, 0.11, 0, 0, 0, 0, 0, 0.14, 0.12, 0, 0.1, 0.07, 0.19, 0, 0, 0.08, 0.07, 0, -1.0])
(./分词对照集/人民日报训练集/20200501-03-02.txt,[0.11, 0, 0, 0, 0, 0, 0, 0, 0, 0, 0.12, 0, 0, 0, 0.19, 0, 0, 0, 0, 0, 1.0])
(./分词对照集/人民日报训练集/20200501-03-03.txt,[0.11, 0, 0, 0, 0.28, 0, 0, 0, 0, 0, 0.12, 0, 0, 0, 0.19, 0, 0.14, 0, 0.07, 0, 1.0])
(./分词对照集/人民日报训练集/20200501-03-04.txt,[0.11, 0, 0, 0, 0, 0, 0, 0, 0, 0, 0.12, 0, 0, 0, 0.19, 0, 0, 0, 0, 0.24, 1.0])
(./分词对照集/人民日报训练集/20200501-03-05.txt,[0, 0, 0, 0, 0, 0, 0, 0, 0, 0, 0, 0, 0, 0, 0.19, 0, 0, 0, 0, 0, 1.0])
(./分词对照集/人民日报训练集/20200501-03-06.txt,[0, 0, 0, 0.11, 0, 0, 0, 0, 0, 0, 0, 0, 0, 0, 0.19, 0, 0, 0.08, 0, 0.24, 1.0])
(./分词对照集/人民日报训练集/20200501-03-07.txt,[0.11, 0, 0, 0.11, 0, 0, 0, 0, 0, 0, 0.12, 0, 0, 0, 0.19, 0, 0, 0, 0, 0, 1.0])
(./分词对照集/人民日报训练集/20200501-03-08.txt,[0.11, 0, 0, 0, 0, 0, 0, 0, 0, 0, 0.12, 0, 0, 0, 0.19, 0, 0, 0, 0, 0.24, 1.0])
(./分词对照集/人民日报训练集/20200501-04-01.txt,[0.11, 0, 0, 0, 0, 0.12, 0, 0, 0, 0.14, 0.12, 0, 0, 0, 0.19, 0, 0, 0, 0, 0, -1.0])
(./分词对照集/人民日报训练集/20200501-04-02.txt,[0.11, 0, 0, 0, 0, 0, 0, 0, 0.15, 0, 0.12, 0, 0, 0, 0.19, 0, 0.14, 0.08, 0.07, 0, 1.0])
(./分词对照集/人民日报训练集/20200501-04-03.txt,[0.11, 0, 0, 0, 0, 0.12, 0, 0, 0.15, 0, 0.12, 0, 0, 0, 0.19, 0, 0, 0.08, 0, 0.24, 1.0])
(./分词对照集/人民日报训练集/20200501-04-04.txt,[0, 0, 0, 0, 0, 0, 0, 0, 0, 0, 0, 0, 0, 0, 0, 0, 0, 0, 0, 0, -1.0])
(./分词对照集/人民日报训练集/20200501-04-05.txt,[0, 0, 0, 0, 0, 0, 0, 0, 0, 0.14, 0, 0, 0, 0, 0.19, 0, 0, 0, 0, 0, 1.0])
(./分词对照集/人民日报训练集/20200501-04-06.txt,[0.11, 0, 0, 0, 0, 0, 0.1, 0, 0, 0, 0.12, 0, 0, 0, 0.19, 0, 0, 0, 0, 0, 1.0])
(./分词对照集/人民日报训练集/20200501-04-07.txt,[0, 0, 0, 0, 0, 0, 0, 0, 0, 0, 0, 0, 0, 0, 0.19, 0, 0, 0, 0, 0, -1.0])
(./分词对照集/人民日报训练集/20200608-01-01.txt,[0.11, 0, 0, 0, 0.28, 0, 0, 0, 0.15, 0, 0.12, 0, 0.1, 0, 0.19, 0, 0, 0.08, 0.07, 0.24, 1.0])
(./分词对照集/人民日报训练集/20200608-01-02.txt,[0, 0, 0, 0, 0, 0.12, 0, 0, 0, 0.14, 0, 0, 0, 0, 0, 0, 0, 0.08, 0, 0, -1.0])
(./分词对照集/人民日报训练集/20200608-01-03.txt,[0.11, 0, 0, 0, 0, 0, 0, 0, 0, 0.14, 0.12, 0, 0, 0, 0.19, 0, 0.14, 0, 0, 0, 1.0])
(./分词对照集/人民日报训练集/20200608-01-04.txt,[0, 0, 0, 0, 0, 0.12, 0, 0, 0, 0, 0, 0, 0, 0, 0.19, 0, 0, 0.08, 0, 0.24, -1.0])
(./分词对照集/人民日报训练集/20200608-01-05.txt,[0, 0, 0, 0, 0, 0.12, 0, 0, 0, 0.14, 0, 0.06, 0, 0, 0, 0, 0, 0, 0, 0.24, -1.0])
(./分词对照集/人民日报训练集/20200608-01-06.txt,[0, 0, 0, 0, 0, 0, 0, 0, 0, 0, 0, 0, 0, 0, 0, 0, 0, 0, 0, 0, -1.0])
(./分词对照集/人民日报训练集/20200608-01-07.txt,[0, 0, 0, 0, 0, 0, 0, 0, 0, 0, 0, 0, 0, 0, 0, 0, 0, 0, 0, 0, -1.0])
(./分词对照集/人民日报训练集/20200608-02-01.txt,[0, 0.13, 0, 0.11, 0, 0, 0, 0, 0, 0, 0, 0, 0, 0, 0, 0.09, 0, 0, 0, 0.24, -1.0])
(./分词对照集/人民日报训练集/20200608-02-02.txt,[0, 0, 0, 0, 0, 0, 0, 0, 0, 0, 0, 0, 0, 0, 0.19, 0.09, 0, 0.08, 0, 0.24, -1.0])
(./分词对照集/人民日报训练集/20200608-02-03.txt,[0, 0, 0, 0.11, 0, 0, 0, 0, 0, 0, 0, 0, 0, 0, 0, 0, 0, 0, 0, 0.24, -1.0])
(./分词对照集/人民日报训练集/20200610-16-05.txt,[0.11, 0, 0.19, 0, 0.28, 0.12, 0, 0, 0, 0, 0.12, 0, 0, 0, 0.19, 0, 0, 0, 0, 0, 1.0])
(./分词对照集/人民日报训练集/20200610-16-06.txt,[0, 0, 0, 0, 0, 0.12, 0, 0, 0, 0, 0, 0, 0, 0.07, 0.19, 0.09, 0, 0, 0, 0, -1.0])
(./分词对照集/人民日报训练集/20200610-16-07.txt,[0, 0, 0, 0, 0, 0, 0, 0, 0, 0.14, 0, 0, 0, 0.07, 0, 0, 0, 0.08, 0, 0.24, -1.0])
(./分词对照集/人民日报训练集/20200610-17-01.txt,[0.11, 0, 0, 0.11, 0, 0, 0, 0.05, 0.15, 0, 0.12, 0.06, 0, 0.07, 0.19, 0, 0.14, 0, 0.07, 0.24, 1.0])
(./分词对照集/人民日报训练集/20200610-18-01.txt,[0, 0, 0, 0.11, 0, 0.12, 0, 0.05, 0, 0.14, 0, 0.06, 0, 0, 0.19, 0.09, 0, 0.08, 0, 0.24, -1.0])
(./分词对照集/人民日报训练集/20200610-18-02.txt,[0.11, 0, 0, 0, 0, 0, 0, 0, 0, 0, 0.12, 0, 0, 0, 0.19, 0.09, 0, 0, 0, 0, -1.0])
(./分词对照集/人民日报训练集/20200610-18-03.txt,[0, 0, 0, 0, 0, 0, 0, 0, 0.15, 0, 0, 0, 0, 0, 0, 0, 0, 0, 0, 0.24, 1.0])
(./分词对照集/人民日报训练集/20200610-18-04.txt,[0, 0.13, 0, 0, 0, 0, 0, 0, 0, 0, 0, 0.06, 0, 0, 0, 0, 0, 0.08, 0, 0, -1.0])
(./分词对照集/人民日报训练集/20200610-19-01.txt,[0.11, 0, 0, 0.11, 0, 0.12, 0, 0.05, 0, 0.14, 0, 0, 0, 0.07, 0.19, 0.09, 0, 0.08, 0, 0.24, -1.0])
(./分词对照集/人民日报训练集/20200610-19-02.txt,[0, 0, 0, 0, 0, 0.12, 0, 0, 0, 0, 0, 0, 0, 0, 0.19, 0, 0, 0.08, 0, 0, -1.0])
(./分词对照集/人民日报训练集/20200610-19-03.txt,[0, 0, 0, 0.11, 0, 0, 0, 0, 0, 0, 0, 0, 0, 0, 0, 0.09, 0, 0, 0, 0.24, -1.0])
(./分词对照集/人民日报训练集/20200610-19-04.txt,[0, 0, 0, 0, 0, 0.12, 0, 0, 0, 0.14, 0, 0, 0, 0.07, 0, 0, 0.14, 0, 0, 0.24, -1.0])
(./分词对照集/人民日报训练集/20200610-20-01.txt,[0, 0.13, 0, 0, 0, 0, 0, 0, 0, 0.14, 0, 0.06, 0, 0, 0, 0.09, 0, 0.08, 0, 0, -1.0])
(./分词对照集/人民日报训练集/20200610-20-02.txt,[0, 0, 0, 0, 0, 0.12, 0, 0, 0, 0.14, 0, 0, 0, 0, 0, 0, 0, 0, 0, 0, -1.0])
(./分词对照集/人民日报训练集/20200610-20-03.txt,[0, 0, 0, 0, 0, 0, 0, 0, 0, 0, 0, 0, 0, 0, 0, 0, 0, 0, 0, 0, -1.0])
(./分词对照集/人民日报训练集/20200611-01-01.txt,[0, 0.13, 0, 0.11, 0, 0, 0, 0.05, 0, 0.14, 0, 0.06, 0, 0.07, 0, 0.09, 0, 0.08, 0, 0.24, -1.0])
(./分词对照集/人民日报训练集/20200611-01-02.txt,[0.11, 0.13, 0, 0.11, 0, 0.12, 0, 0.05, 0, 0.14, 0.12, 0.06, 0, 0.07, 0.19, 0.09, 0, 0.08, 0, 0.24, -1.0])
(./分词对照集/人民日报训练集/20200611-02-01.txt,[0, 0.13, 0, 0, 0, 0, 0, 0, 0, 0.14, 0, 0, 0, 0, 0, 0.09, 0, 0, 0, 0.24, 1.0])
(./分词对照集/人民日报训练集/20200611-02-02.txt,[0.11, 0, 0, 0.11, 0, 0, 0, 0.05, 0, 0.14, 0.12, 0.06, 0, 0.07, 0.19, 0.09, 0, 0.08, 0, 0.24, -1.0])
(./分词对照集/人民日报训练集/20200611-02-03.txt,[0, 0, 0, 0, 0, 0, 0, 0, 0, 0, 0, 0, 0, 0, 0, 0, 0, 0, 0, 0, -1.0])
(./分词对照集/人民日报训练集/20200611-02-04.txt,[0, 0.13, 0, 0.11, 0, 0, 0, 0.05, 0, 0.14, 0, 0.06, 0, 0.07, 0, 0.09, 0, 0.08, 0, 0.24, -1.0])
(./分词对照集/人民日报训练集/20200611-02-05.txt,[0, 0.13, 0, 0.11, 0, 0.12, 0, 0.05, 0, 0.14, 0, 0.06, 0, 0.07, 0, 0.09, 0, 0.08, 0, 0.24, -1.0])
(./分词对照集/人民日报训练集/20200611-17-05.txt,[0.11, 0, 0, 0, 0, 0, 0, 0, 0, 0, 0.12, 0, 0, 0, 0.19, 0, 0, 0, 0, 0, -1.0])
(./分词对照集/人民日报训练集/20200611-17-06.txt,[0, 0, 0, 0.11, 0, 0, 0, 0, 0, 0.14, 0, 0, 0, 0, 0.19, 0, 0, 0.08, 0, 0, 1.0])
(./分词对照集/人民日报训练集/20200611-18-01.txt,[0.11, 0, 0, 0, 0, 0.12, 0.1, 0, 0, 0.14, 0, 0, 0.1, 0, 0.19, 0, 0, 0.08, 0, 0.24, -1.0])
(./分词对照集/人民日报训练集/20200611-18-02.txt,[0, 0, 0, 0, 0, 0, 0, 0, 0, 0.14, 0, 0.06, 0, 0.07, 0, 0, 0, 0.08, 0, 0.24, -1.0])
(./分词对照集/人民日报训练集/20200611-18-03.txt,[0, 0, 0, 0, 0, 0, 0, 0, 0, 0, 0, 0, 0, 0, 0, 0, 0, 0, 0, 0, -1.0])
(./分词对照集/人民日报训练集/20200611-18-04.txt,[0, 0.13, 0, 0, 0, 0, 0, 0, 0, 0.14, 0, 0, 0, 0.07, 0, 0.09, 0, 0.08, 0, 0.24, -1.0])
(./分词对照集/人民日报训练集/20200611-18-05.txt,[0, 0, 0, 0, 0, 0, 0, 0, 0, 0, 0, 0, 0, 0.07, 0.19, 0, 0, 0, 0, 0.24, -1.0])
(./分词对照集/人民日报训练集/20200611-18-06.txt,[0, 0, 0, 0, 0, 0, 0, 0, 0, 0, 0, 0, 0, 0, 0, 0, 0, 0, 0, 0, -1.0])
(./分词对照集/人民日报训练集/20200611-18-07.txt,[0, 0, 0, 0.11, 0, 0, 0, 0, 0, 0, 0, 0, 0, 0, 0, 0.09, 0, 0, 0, 0.24, -1.0])
(./分词对照集/人民日报训练集/20200611-19-01.txt,[0, 0, 0, 0, 0, 0.12, 0, 0, 0, 0, 0, 0, 0, 0, 0, 0, 0, 0, 0, 0, -1.0])
(./分词对照集/人民日报训练集/20200611-19-02.txt,[0, 0, 0, 0.11, 0, 0, 0, 0.05, 0, 0, 0, 0, 0, 0.07, 0, 0.09, 0, 0, 0, 0.24, -1.0])
(./分词对照集/人民日报训练集/20200611-19-03.txt,[0, 0, 0, 0, 0, 0, 0, 0, 0, 0, 0, 0, 0, 0, 0, 0, 0, 0.08, 0, 0, -1.0])
(./分词对照集/人民日报训练集/20200611-20-01.txt,[0, 0, 0, 0, 0, 0.12, 0, 0, 0, 0, 0, 0, 0, 0, 0, 0, 0, 0, 0, 0, -1.0])
(./分词对照集/人民日报训练集/20200611-20-02.txt,[0.11, 0.13, 0, 0, 0, 0, 0, 0, 0, 0.14, 0.12, 0, 0, 0.07, 0.19, 0, 0, 0, 0, 0.24, -1.0])
(./分词对照集/人民日报训练集/20200611-20-03.txt,[0, 0, 0, 0, 0, 0, 0, 0, 0, 0, 0, 0, 0, 0, 0, 0, 0, 0, 0, 0.24, -1.0])
(./分词对照集/人民日报训练集/20200612-01-01.txt,[0.11, 0, 0, 0.11, 0, 0.12, 0, 0, 0, 0, 0.12, 0, 0, 0, 0.19, 0, 0, 0, 0, 0.24, 1.0])
(./分词对照集/人民日报训练集/20200612-01-02.txt,[0.11, 0.13, 0, 0.11, 0, 0.12, 0, 0.05, 0, 0.14, 0.12, 0.06, 0, 0, 0.19, 0.09, 0, 0.08, 0, 0.24, -1.0])
(./分词对照集/人民日报训练集/20200612-01-03.txt,[0.11, 0, 0, 0.11, 0, 0, 0, 0, 0, 0.14, 0.12, 0, 0, 0, 0.19, 0, 0, 0, 0, 0.24, 1.0])
(./分词对照集/人民日报训练集/20200612-01-04.txt,[0, 0, 0, 0.11, 0, 0, 0, 0, 0, 0, 0, 0, 0, 0, 0, 0, 0, 0, 0, 0.24, -1.0])
(./分词对照集/人民日报训练集/20200612-01-05.txt,[0.11, 0, 0, 0.11, 0, 0, 0, 0, 0, 0, 0.12, 0, 0, 0.07, 0.19, 0, 0, 0.08, 0, 0.24, -1.0])
(./分词对照集/人民日报训练集/20200612-01-06.txt,[0, 0.13, 0, 0.11, 0, 0.12, 0, 0.05, 0, 0.14, 0, 0.06, 0, 0, 0, 0.09, 0, 0.08, 0, 0.24, -1.0])
(./分词对照集/人民日报训练集/20200612-01-07.txt,[0, 0, 0, 0, 0, 0, 0, 0, 0, 0, 0, 0.06, 0, 0, 0.19, 0, 0, 0.08, 0, 0.24, -1.0])
(./分词对照集/人民日报训练集/20200612-02-01.txt,[0, 0, 0, 0.11, 0, 0.12, 0, 0, 0, 0.14, 0, 0.06, 0, 0, 0.19, 0, 0, 0.08, 0, 0.24, -1.0])
(./分词对照集/人民日报训练集/20200612-02-02.txt,[0, 0, 0, 0.11, 0, 0, 0, 0, 0, 0.14, 0, 0.06, 0, 0, 0, 0, 0, 0, 0, 0.24, -1.0])
(./分词对照集/人民日报训练集/20200612-02-03.txt,[0.11, 0.13, 0, 0.11, 0, 0.12, 0, 0.05, 0, 0.14, 0.12, 0.06, 0, 0, 0.19, 0.09, 0, 0.08, 0, 0.24, -1.0])
(./分词对照集/人民日报训练集/20200612-02-04.txt,[0.11, 0, 0, 0.11, 0, 0, 0, 0, 0.15, 0.14, 0.12, 0, 0, 0, 0.19, 0, 0, 0, 0, 0.24, 1.0])
(./分词对照集/人民日报训练集/20200612-02-05.txt,[0, 0, 0, 0.11, 0, 0.12, 0, 0, 0, 0, 0, 0, 0, 0, 0, 0, 0, 0, 0, 0, -1.0])
(./分词对照集/人民日报训练集/20200612-02-06.txt,[0, 0, 0, 0, 0, 0, 0, 0, 0, 0, 0, 0.06, 0, 0, 0, 0, 0, 0.08, 0, 0, -1.0])
(./分词对照集/人民日报训练集/20200612-02-07.txt,[0.11, 0, 0, 0, 0, 0, 0, 0, 0, 0, 0.12, 0, 0, 0, 0.19, 0, 0, 0, 0, 0.24, -1.0])
(./分词对照集/人民日报训练集/20200612-02-08.txt,[0, 0.13, 0, 0.11, 0, 0.12, 0, 0.05, 0, 0.14, 0, 0.06, 0, 0, 0, 0.09, 0, 0.08, 0, 0.24, -1.0])
(./分词对照集/人民日报训练集/20200612-03-01.txt,[0, 0, 0, 0.11, 0, 0, 0, 0, 0, 0, 0, 0, 0, 0, 0, 0, 0, 0, 0, 0.24, -1.0])
(./分词对照集/人民日报训练集/20200612-03-02.txt,[0.11, 0, 0, 0.11, 0, 0, 0, 0, 0, 0.14, 0.12, 0, 0, 0, 0.19, 0, 0, 0, 0, 0.24, 1.0])
(./分词对照集/人民日报训练集/20200612-03-03.txt,[0.11, 0, 0, 0.11, 0, 0, 0, 0, 0, 0, 0.12, 0, 0, 0, 0.19, 0, 0.14, 0, 0, 0.24, 1.0])
(./分词对照集/人民日报训练集/20200612-03-04.txt,[0, 0, 0, 0, 0, 0, 0, 0, 0.15, 0, 0, 0, 0, 0, 0.19, 0, 0, 0, 0, 0, 1.0])
(./分词对照集/人民日报训练集/20200612-03-05.txt,[0, 0.13, 0, 0, 0, 0, 0, 0.05, 0, 0.14, 0, 0, 0, 0.07, 0, 0, 0, 0, 0, 0.24, -1.0])
(./分词对照集/人民日报训练集/20200612-03-06.txt,[0, 0, 0, 0, 0, 0, 0, 0, 0, 0, 0, 0, 0, 0, 0, 0, 0, 0, 0, 0, -1.0])
(./分词对照集/头条新闻训练集/202001011801.txt,[0.11, 0, 0, 0, 0.28, 0, 0, 0, 0.15, 0, 0, 0, 0, 0, 0, 0, 0, 0, 0, 0, 1.0])
(./分词对照集/头条新闻训练集/202001031711.txt,[0.11, 0, 0, 0, 0.28, 0, 0.1, 0, 0.15, 0, 0, 0, 0, 0, 0.19, 0, 0.14, 0, 0.07, 0, 1.0])
(./分词对照集/头条新闻训练集/202001060622.txt,[0.11, 0, 0, 0, 0.28, 0, 0, 0, 0.15, 0, 0, 0, 0, 0, 0, 0, 0, 0, 0, 0, 1.0])
(./分词对照集/头条新闻训练集/202001110717.txt,[0.11, 0, 0, 0, 0.28, 0, 0.1, 0, 0.15, 0, 0, 0, 0.1, 0, 0.19, 0, 0.14, 0, 0, 0, 1.0])
(./分词对照集/头条新闻训练集/202001131912.txt,[0.11, 0, 0, 0, 0.28, 0, 0.1, 0, 0.15, 0, 0, 0, 0.1, 0, 0, 0, 0.14, 0, 0.07, 0, 1.0])
(./分词对照集/头条新闻训练集/202001170011.txt,[0.11, 0, 0, 0, 0.28, 0, 0.1, 0, 0, 0, 0, 0, 0.1, 0, 0, 0, 0.14, 0, 0.07, 0, 1.0])
(./分词对照集/头条新闻训练集/202001180024.txt,[0.11, 0, 0, 0, 0.28, 0, 0.1, 0, 0.15, 0, 0, 0, 0.1, 0, 0.19, 0, 0.14, 0, 0.07, 0, 1.0])
(./分词对照集/头条新闻训练集/202001181620.txt,[0, 0, 0, 0, 0, 0, 0, 0, 0.15, 0, 0, 0, 0, 0, 0, 0, 0, 0, 0, 0, 1.0])
(./分词对照集/头条新闻训练集/202001200200.txt,[0.11, 0, 0, 0, 0, 0, 0, 0, 0.15, 0, 0, 0, 0.1, 0, 0.19, 0, 0, 0, 0, 0, 1.0])
(./分词对照集/头条新闻训练集/202001200316.txt,[0.11, 0, 0.19, 0, 0.28, 0, 0.1, 0, 0.15, 0, 0, 0, 0.1, 0, 0.19, 0, 0.14, 0, 0.07, 0, 1.0])
(./分词对照集/头条新闻训练集/202001200915.txt,[0.11, 0, 0.19, 0, 0.28, 0, 0.1, 0, 0.15, 0, 0, 0, 0.1, 0, 0, 0, 0, 0, 0, 0, 1.0])
(./分词对照集/头条新闻训练集/202001201007.txt,[0.11, 0, 0.19, 0, 0.28, 0, 0.1, 0, 0.15, 0, 0, 0, 0.1, 0, 0.19, 0, 0.14, 0, 0.07, 0, 1.0])
(./分词对照集/头条新闻训练集/202001201129.txt,[0.11, 0, 0, 0, 0.28, 0, 0.1, 0, 0.15, 0, 0, 0, 0.1, 0, 0, 0, 0.14, 0, 0, 0, 1.0])
(./分词对照集/头条新闻训练集/202001202004.txt,[0.11, 0, 0.19, 0, 0.28, 0, 0.1, 0, 0.15, 0, 0, 0, 0.1, 0, 0.19, 0, 0.14, 0, 0.07, 0, 1.0])
(./分词对照集/头条新闻训练集/202001210728.txt,[0.11, 0, 0.19, 0, 0.28, 0, 0.1, 0, 0.15, 0, 0, 0, 0.1, 0, 0, 0, 0.14, 0, 0.07, 0, 1.0])
(./分词对照集/头条新闻训练集/202001210914.txt,[0.11, 0, 0, 0, 0, 0, 0.1, 0, 0, 0, 0, 0, 0.1, 0, 0.19, 0, 0.14, 0, 0, 0, 1.0])
(./分词对照集/头条新闻训练集/202001211116.txt,[0.11, 0, 0, 0, 0.28, 0, 0, 0, 0.15, 0, 0, 0, 0.1, 0, 0, 0, 0.14, 0, 0.07, 0, 1.0])
(./分词对照集/头条新闻训练集/202001211430.txt,[0.11, 0, 0, 0, 0, 0, 0.1, 0, 0.15, 0, 0, 0, 0.1, 0, 0.19, 0, 0, 0, 0, 0, 1.0])
(./分词对照集/头条新闻训练集/202001211604.txt,[0.11, 0, 0, 0, 0, 0, 0.1, 0, 0, 0, 0, 0, 0.1, 0, 0.19, 0, 0, 0, 0, 0, 1.0])
(./分词对照集/头条新闻训练集/202001211802.txt,[0.11, 0, 0, 0, 0, 0, 0.1, 0, 0.15, 0, 0, 0, 0.1, 0, 0.19, 0, 0.14, 0, 0.07, 0, 1.0])
(./分词对照集/头条新闻训练集/202001211817.txt,[0.11, 0, 0.19, 0, 0.28, 0, 0.1, 0, 0.15, 0, 0, 0, 0.1, 0, 0, 0, 0.14, 0, 0.07, 0, 1.0])
(./分词对照集/头条新闻训练集/202001211930.txt,[0.11, 0, 0.19, 0, 0.28, 0, 0.1, 0, 0.15, 0, 0, 0, 0.1, 0, 0.19, 0, 0.14, 0, 0.07, 0, 1.0])
(./分词对照集/头条新闻训练集/202001212030.txt,[0.11, 0, 0.19, 0, 0, 0, 0.1, 0, 0, 0, 0, 0, 0.1, 0, 0.19, 0, 0.14, 0, 0, 0, 1.0])
(./分词对照集/头条新闻训练集/202001212106.txt,[0.11, 0, 0.19, 0, 0.28, 0, 0, 0, 0.15, 0, 0, 0, 0.1, 0, 0.19, 0, 0.14, 0, 0.07, 0, 1.0])
(./分词对照集/头条新闻训练集/202001212114.txt,[0.11, 0, 0.19, 0, 0.28, 0, 0.1, 0, 0.15, 0, 0, 0, 0.1, 0, 0.19, 0, 0.14, 0, 0.07, 0, 1.0])
(./分词对照集/头条新闻训练集/202001212212.txt,[0.11, 0, 0, 0, 0, 0, 0, 0, 0, 0, 0, 0, 0, 0, 0, 0, 0, 0, 0, 0, 1.0])
(./分词对照集/头条新闻训练集/202001212226.txt,[0.11, 0, 0.19, 0, 0.28, 0, 0.1, 0, 0, 0, 0, 0, 0.1, 0, 0, 0, 0, 0, 0.07, 0, 1.0])
(./分词对照集/头条新闻训练集/202001220009.txt,[0.11, 0, 0.19, 0, 0.28, 0, 0.1, 0, 0.15, 0, 0, 0, 0.1, 0, 0.19, 0, 0.14, 0, 0.07, 0, 1.0])
(./分词对照集/头条新闻训练集/202001220025.txt,[0.11, 0, 0.19, 0, 0.28, 0, 0.1, 0, 0, 0, 0, 0, 0.1, 0, 0, 0, 0.14, 0, 0.07, 0, 1.0])
(./分词对照集/头条新闻训练集/202001220129.txt,[0.11, 0, 0.19, 0, 0.28, 0, 0.1, 0, 0.15, 0, 0, 0, 0.1, 0, 0, 0, 0.14, 0, 0.07, 0, 1.0])
(./分词对照集/头条新闻训练集/202001220223.txt,[0.11, 0, 0.19, 0, 0.28, 0, 0.1, 0, 0.15, 0, 0, 0, 0.1, 0, 0, 0, 0.14, 0, 0.07, 0, 1.0])
(./分词对照集/头条新闻训练集/202001220815.txt,[0, 0, 0, 0, 0.28, 0, 0.1, 0, 0.15, 0, 0, 0, 0.1, 0, 0.19, 0, 0, 0, 0, 0, 1.0])
(./分词对照集/头条新闻训练集/202001221013.txt,[0.11, 0, 0.19, 0, 0.28, 0, 0.1, 0, 0.15, 0, 0, 0, 0.1, 0, 0, 0, 0, 0, 0, 0, 1.0])
(./分词对照集/头条新闻训练集/202001221021.txt,[0.11, 0, 0.19, 0, 0.28, 0, 0.1, 0, 0, 0, 0, 0, 0.1, 0, 0, 0, 0, 0, 0, 0, 1.0])
(./分词对照集/头条新闻训练集/202001221025.txt,[0.11, 0, 0, 0, 0.28, 0, 0.1, 0, 0.15, 0, 0, 0, 0.1, 0, 0.19, 0, 0, 0, 0, 0, 1.0])
(./分词对照集/头条新闻训练集/202001221126.txt,[0.11, 0, 0.19, 0, 0, 0, 0, 0, 0, 0, 0, 0, 0, 0, 0.19, 0, 0, 0, 0, 0, 1.0])
(./分词对照集/头条新闻训练集/202001221320.txt,[0.11, 0, 0, 0, 0.28, 0, 0.1, 0, 0.15, 0, 0, 0, 0.1, 0, 0, 0, 0.14, 0, 0, 0, 1.0])
(./分词对照集/头条新闻训练集/202001221505.txt,[0.11, 0, 0.19, 0, 0.28, 0, 0.1, 0, 0.15, 0, 0, 0, 0.1, 0, 0, 0, 0, 0, 0, 0, 1.0])
(./分词对照集/头条新闻训练集/202001221515.txt,[0, 0, 0, 0, 0, 0, 0, 0, 0, 0, 0, 0, 0, 0, 0, 0, 0, 0, 0, 0, 1.0])
(./分词对照集/头条新闻训练集/202001221614.txt,[0.11, 0, 0.19, 0, 0.28, 0, 0.1, 0, 0.15, 0, 0, 0, 0.1, 0, 0.19, 0, 0.14, 0, 0.07, 0, 1.0])
(./分词对照集/头条新闻训练集/202002011506.txt,[0, 0, 0, 0, 0, 0, 0, 0, 0, 0, 0.12, 0, 0.1, 0, 0.19, 0, 0, 0, 0, 0, 1.0])
(./分词对照集/头条新闻训练集/202002020708.txt,[0.11, 0, 0, 0, 0, 0, 0, 0, 0.15, 0, 0.12, 0, 0, 0, 0, 0, 0.14, 0, 0.07, 0, 1.0])
(./分词对照集/头条新闻训练集/202002021215.txt,[0, 0, 0, 0, 0, 0, 0, 0, 0, 0, 0, 0, 0, 0, 0, 0, 0, 0, 0, 0, 1.0])
(./分词对照集/头条新闻训练集/202002021802.txt,[0, 0, 0, 0, 0, 0, 0.1, 0, 0, 0, 0, 0, 0, 0, 0, 0, 0, 0, 0.07, 0, 1.0])
(./分词对照集/头条新闻训练集/202002021900.txt,[0, 0, 0.19, 0, 0.28, 0, 0.1, 0, 0.15, 0, 0, 0, 0.1, 0, 0.19, 0, 0.14, 0, 0, 0, 1.0])
(./分词对照集/头条新闻训练集/202002021917.txt,[0.11, 0, 0, 0, 0, 0, 0, 0, 0, 0, 0.12, 0, 0, 0, 0.19, 0, 0.14, 0, 0, 0, 1.0])
(./分词对照集/头条新闻训练集/202002030907.txt,[0.11, 0, 0, 0, 0, 0, 0.1, 0, 0, 0, 0, 0, 0.1, 0, 0.19, 0, 0, 0, 0, 0, 1.0])
(./分词对照集/头条新闻训练集/202002031113.txt,[0, 0, 0, 0, 0, 0, 0, 0, 0, 0, 0, 0, 0, 0, 0.19, 0, 0, 0, 0, 0, 1.0])
(./分词对照集/头条新闻训练集/202002031119.txt,[0, 0, 0.19, 0, 0, 0, 0, 0, 0, 0, 0, 0, 0.1, 0, 0.19, 0, 0.14, 0, 0, 0, 1.0])
(./分词对照集/头条新闻训练集/202002031519.txt,[0, 0, 0, 0, 0, 0, 0, 0, 0, 0, 0, 0, 0, 0, 0.19, 0, 0, 0, 0, 0, 1.0])
(./分词对照集/头条新闻训练集/202002031612.txt,[0, 0, 0, 0, 0, 0, 0, 0, 0.15, 0, 0, 0, 0, 0, 0, 0, 0, 0, 0, 0, 1.0])
(./分词对照集/头条新闻训练集/202002031701.txt,[0, 0, 0, 0, 0, 0, 0, 0, 0, 0, 0, 0, 0, 0, 0.19, 0, 0, 0, 0, 0, 1.0])
(./分词对照集/头条新闻训练集/202002031719.txt,[0, 0, 0, 0, 0, 0, 0, 0, 0, 0, 0, 0, 0, 0, 0, 0, 0, 0, 0, 0, 1.0])
(./分词对照集/头条新闻训练集/202002031916.txt,[0, 0, 0, 0, 0, 0, 0, 0, 0, 0, 0, 0, 0, 0, 0.19, 0, 0, 0, 0.07, 0, 1.0])
(./分词对照集/头条新闻训练集/202002032001.txt,[0, 0, 0.19, 0, 0.28, 0, 0.1, 0, 0.15, 0, 0, 0, 0.1, 0, 0.19, 0, 0.14, 0, 0, 0, 1.0])
(./分词对照集/头条新闻训练集/202002032017.txt,[0, 0, 0, 0, 0, 0, 0, 0, 0, 0, 0, 0, 0.1, 0, 0.19, 0, 0, 0, 0, 0, 1.0])
(./分词对照集/头条新闻训练集/202002032020.txt,[0, 0, 0, 0, 0, 0, 0, 0, 0, 0, 0, 0, 0, 0, 0.19, 0, 0.14, 0, 0, 0, 1.0])
(./分词对照集/头条新闻训练集/202002040615.txt,[0.11, 0, 0.19, 0, 0.28, 0, 0.1, 0, 0, 0, 0, 0, 0.1, 0, 0, 0, 0, 0, 0.07, 0, 1.0])
(./分词对照集/头条新闻训练集/202002041820.txt,[0, 0, 0, 0, 0, 0, 0, 0, 0, 0, 0, 0, 0, 0, 0, 0, 0, 0, 0, 0, 1.0])
(./分词对照集/头条新闻训练集/202002041900.txt,[0.11, 0, 0, 0, 0, 0, 0, 0, 0.15, 0, 0.12, 0, 0, 0, 0, 0, 0.14, 0, 0, 0, 1.0])
(./分词对照集/头条新闻训练集/202002041920.txt,[0, 0, 0, 0, 0, 0, 0, 0, 0, 0, 0, 0, 0, 0, 0, 0, 0, 0, 0, 0, 1.0])
(./分词对照集/头条新闻训练集/202002050001.txt,[0.11, 0, 0.19, 0, 0.28, 0, 0.1, 0, 0.15, 0, 0.12, 0, 0.1, 0, 0.19, 0, 0.14, 0, 0, 0.24, 1.0])
(./分词对照集/头条新闻训练集/202002050803.txt,[0, 0, 0.19, 0, 0.28, 0, 0, 0, 0, 0, 0, 0, 0.1, 0, 0.19, 0, 0, 0, 0.07, 0, 1.0])
(./分词对照集/头条新闻训练集/202002050816.txt,[0.11, 0, 0.19, 0, 0.28, 0, 0.1, 0, 0, 0, 0, 0, 0.1, 0, 0.19, 0, 0, 0, 0, 0, 1.0])
(./分词对照集/头条新闻训练集/202002050901.txt,[0, 0, 0, 0, 0, 0, 0, 0, 0, 0, 0, 0, 0, 0, 0, 0, 0, 0, 0, 0, 1.0])
(./分词对照集/头条新闻训练集/202002050908.txt,[0, 0, 0, 0, 0, 0, 0, 0, 0, 0, 0, 0, 0, 0, 0.19, 0, 0, 0, 0, 0, 1.0])
(./分词对照集/头条新闻训练集/202002051104.txt,[0, 0, 0, 0, 0, 0, 0, 0, 0, 0, 0, 0, 0, 0, 0, 0, 0, 0, 0, 0, 1.0])
(./分词对照集/头条新闻训练集/202002051408.txt,[0, 0, 0.19, 0, 0.28, 0, 0.1, 0, 0, 0, 0, 0, 0.1, 0, 0, 0, 0.14, 0, 0, 0, 1.0])
(./分词对照集/头条新闻训练集/202002051604.txt,[0.11, 0, 0.19, 0, 0.28, 0, 0, 0, 0.15, 0, 0, 0, 0, 0, 0.19, 0, 0, 0, 0, 0, 1.0])
(./分词对照集/头条新闻训练集/202002051820.txt,[0, 0, 0, 0, 0, 0, 0, 0, 0, 0, 0, 0, 0, 0, 0.19, 0, 0, 0, 0, 0, 1.0])
(./分词对照集/头条新闻训练集/202002060600.txt,[0, 0, 0.19, 0, 0.28, 0, 0.1, 0, 0, 0, 0, 0, 0, 0, 0, 0, 0.14, 0, 0, 0, 1.0])
(./分词对照集/头条新闻训练集/202002060712.txt,[0, 0, 0, 0, 0, 0, 0, 0, 0, 0, 0, 0, 0, 0, 0.19, 0, 0, 0, 0, 0, 1.0])
(./分词对照集/头条新闻训练集/202002060717.txt,[0.11, 0, 0, 0, 0, 0, 0, 0, 0, 0, 0, 0, 0, 0, 0.19, 0, 0, 0, 0, 0, 1.0])
(./分词对照集/头条新闻训练集/202002060912.txt,[0.11, 0, 0, 0, 0.28, 0, 0.1, 0, 0, 0, 0.12, 0, 0, 0, 0, 0, 0, 0, 0.07, 0, 1.0])
(./分词对照集/头条新闻训练集/202002061000.txt,[0.11, 0, 0, 0, 0, 0, 0, 0, 0, 0, 0, 0, 0.1, 0, 0.19, 0, 0, 0, 0, 0, 1.0])
(./分词对照集/头条新闻训练集/202003010343.txt,[0, 0, 0, 0, 0, 0, 0, 0, 0, 0, 0, 0, 0.1, 0, 0, 0, 0, 0, 0, 0, 1.0])
(./分词对照集/头条新闻训练集/202003010903.txt,[0, 0, 0, 0, 0, 0, 0, 0, 0, 0, 0, 0, 0, 0, 0.19, 0, 0, 0, 0, 0, 1.0])
(./分词对照集/头条新闻训练集/202003011500.txt,[0, 0, 0, 0, 0, 0, 0.1, 0, 0, 0, 0, 0, 0, 0, 0.19, 0, 0.14, 0, 0, 0, 1.0])
(./分词对照集/头条新闻训练集/202003011600.txt,[0, 0, 0.19, 0, 0.28, 0, 0, 0, 0, 0, 0, 0, 0, 0, 0.19, 0, 0, 0, 0, 0, 1.0])
(./分词对照集/头条新闻训练集/202003011607.txt,[0.11, 0, 0.19, 0, 0.28, 0, 0, 0, 0, 0, 0.12, 0, 0, 0, 0, 0, 0, 0, 0, 0, 1.0])
(./分词对照集/头条新闻训练集/202003011618.txt,[0.11, 0, 0.19, 0, 0.28, 0, 0, 0, 0, 0, 0.12, 0, 0, 0, 0.19, 0, 0, 0, 0, 0, 1.0])
(./分词对照集/头条新闻训练集/202003011632.txt,[0.11, 0, 0, 0, 0, 0, 0, 0, 0, 0, 0.12, 0, 0, 0, 0, 0, 0, 0, 0, 0, 1.0])
(./分词对照集/头条新闻训练集/202003011730.txt,[0, 0, 0, 0, 0, 0, 0.1, 0, 0, 0, 0, 0, 0, 0, 0, 0, 0, 0, 0, 0, -1.0])
(./分词对照集/头条新闻训练集/202003011759.txt,[0.11, 0, 0.19, 0, 0.28, 0, 0.1, 0, 0.15, 0, 0.12, 0, 0, 0, 0.19, 0, 0, 0.08, 0.07, 0, 1.0])
(./分词对照集/头条新闻训练集/202003011940.txt,[0, 0, 0, 0, 0, 0, 0, 0, 0, 0, 0, 0, 0, 0, 0, 0, 0, 0, 0, 0, 1.0])
(./分词对照集/头条新闻训练集/202003011950.txt,[0, 0, 0, 0, 0, 0, 0, 0, 0, 0, 0, 0, 0, 0, 0.19, 0, 0, 0, 0, 0, 1.0])
(./分词对照集/头条新闻训练集/202003012004.txt,[0.11, 0, 0, 0, 0, 0, 0.1, 0, 0, 0, 0.12, 0, 0, 0, 0.19, 0, 0, 0, 0, 0, 1.0])
(./分词对照集/头条新闻训练集/202003012100.txt,[0, 0, 0, 0, 0, 0, 0, 0, 0, 0, 0, 0, 0, 0, 0.19, 0, 0, 0, 0, 0, 1.0])
(./分词对照集/头条新闻训练集/202003012247.txt,[0, 0, 0, 0, 0, 0, 0, 0, 0.15, 0, 0, 0, 0, 0, 0.19, 0, 0, 0, 0, 0.24, 1.0])
(./分词对照集/头条新闻训练集/202003020818.txt,[0.11, 0, 0.19, 0, 0.28, 0, 0, 0, 0.15, 0, 0, 0, 0, 0, 0, 0, 0, 0, 0, 0, 1.0])
(./分词对照集/头条新闻训练集/202003020852.txt,[0, 0, 0, 0, 0, 0, 0.1, 0, 0, 0, 0.12, 0, 0, 0, 0, 0, 0.14, 0, 0, 0, 1.0])
(./分词对照集/头条新闻训练集/202003020947.txt,[0, 0, 0, 0, 0, 0, 0, 0, 0, 0, 0, 0, 0, 0, 0, 0, 0, 0, 0, 0.24, 1.0])
(./分词对照集/头条新闻训练集/202003021451.txt,[0, 0, 0, 0, 0, 0, 0, 0, 0, 0, 0, 0, 0, 0, 0.19, 0, 0, 0, 0, 0, 1.0])
(./分词对照集/头条新闻训练集/202003030811.txt,[0.11, 0, 0.19, 0, 0.28, 0, 0, 0, 0.15, 0, 0, 0, 0, 0, 0, 0, 0, 0, 0, 0, 1.0])
(./分词对照集/头条新闻训练集/202003031101.txt,[0, 0, 0, 0, 0, 0, 0, 0, 0, 0, 0.12, 0, 0, 0, 0, 0, 0, 0, 0, 0, 1.0])
(./分词对照集/头条新闻训练集/202003031133.txt,[0.11, 0, 0, 0, 0, 0, 0, 0, 0, 0, 0.12, 0, 0, 0, 0, 0, 0.14, 0, 0.07, 0, 1.0])
(./分词对照集/头条新闻训练集/202003031139.txt,[0, 0, 0.19, 0, 0, 0, 0, 0, 0, 0, 0, 0, 0, 0, 0, 0, 0.14, 0, 0, 0, 1.0])
(./分词对照集/头条新闻训练集/202003031256.txt,[0.11, 0, 0, 0, 0, 0, 0, 0, 0, 0, 0, 0, 0.1, 0, 0, 0, 0, 0, 0, 0, 1.0])
(./分词对照集/头条新闻训练集/202003031404.txt,[0, 0, 0, 0, 0, 0, 0, 0, 0.15, 0, 0, 0, 0, 0, 0.19, 0, 0, 0, 0, 0, 1.0])
(./分词对照集/头条新闻训练集/202003031441.txt,[0.11, 0, 0, 0, 0, 0, 0.1, 0, 0, 0, 0.12, 0, 0, 0, 0, 0, 0, 0, 0, 0, 1.0])
(./分词对照集/头条新闻训练集/202003031455.txt,[0.11, 0, 0, 0, 0, 0, 0, 0, 0, 0, 0.12, 0, 0, 0, 0.19, 0, 0, 0, 0, 0, 1.0])
(./分词对照集/头条新闻训练集/202003031500.txt,[0.11, 0, 0, 0, 0, 0, 0, 0, 0.15, 0, 0.12, 0, 0, 0, 0, 0, 0.14, 0, 0, 0, 1.0])
(./分词对照集/头条新闻训练集/202003032030.txt,[0, 0, 0.19, 0, 0, 0, 0, 0, 0, 0, 0, 0, 0, 0, 0.19, 0, 0, 0, 0, 0, 1.0])
(./分词对照集/头条新闻训练集/202003032135.txt,[0, 0, 0, 0, 0, 0, 0, 0, 0, 0, 0, 0, 0, 0, 0.19, 0, 0, 0, 0, 0, 1.0])
(./分词对照集/头条新闻训练集/202003040228.txt,[0, 0, 0, 0, 0, 0, 0, 0, 0, 0, 0.12, 0, 0, 0, 0, 0, 0, 0, 0, 0, 1.0])
(./分词对照集/头条新闻训练集/202003040727.txt,[0, 0, 0, 0, 0.28, 0, 0, 0, 0, 0, 0.12, 0, 0, 0, 0, 0, 0, 0, 0, 0, 1.0])
(./分词对照集/头条新闻训练集/202003040835.txt,[0.11, 0, 0, 0, 0.28, 0, 0, 0, 0, 0, 0.12, 0, 0.1, 0, 0.19, 0, 0, 0, 0, 0, 1.0])
(./分词对照集/头条新闻训练集/202003040942.txt,[0.11, 0, 0.19, 0, 0.28, 0, 0, 0, 0.15, 0, 0, 0, 0, 0, 0, 0, 0, 0, 0, 0, 1.0])
(./分词对照集/头条新闻训练集/202003041028.txt,[0.11, 0, 0.19, 0, 0, 0, 0.1, 0, 0, 0, 0.12, 0, 0, 0, 0.19, 0, 0, 0, 0, 0, 1.0])
(./分词对照集/头条新闻训练集/202003041051.txt,[0.11, 0, 0.19, 0, 0.28, 0, 0.1, 0, 0, 0, 0.12, 0, 0, 0, 0, 0, 0.14, 0, 0.07, 0, 1.0])
(./分词对照集/头条新闻训练集/202003041159.txt,[0, 0, 0, 0, 0, 0, 0, 0, 0, 0, 0, 0, 0, 0, 0, 0, 0, 0, 0, 0, 1.0])
(./分词对照集/头条新闻训练集/202003041222.txt,[0, 0, 0, 0, 0, 0, 0, 0, 0, 0, 0.12, 0, 0, 0, 0.19, 0, 0, 0, 0, 0, 1.0])
(./分词对照集/头条新闻训练集/202003041253.txt,[0.11, 0, 0, 0, 0, 0, 0, 0, 0, 0, 0.12, 0, 0, 0, 0.19, 0, 0, 0, 0, 0, 1.0])
(./分词对照集/头条新闻训练集/202003041325.txt,[0.11, 0, 0.19, 0, 0.28, 0, 0, 0, 0, 0, 0.12, 0, 0, 0, 0, 0, 0.14, 0, 0, 0, 1.0])
(./分词对照集/头条新闻训练集/202004010606.txt,[0, 0, 0, 0, 0, 0, 0.1, 0, 0, 0, 0.12, 0, 0, 0, 0.19, 0, 0, 0, 0, 0, 1.0])
(./分词对照集/头条新闻训练集/202004010930.txt,[0, 0, 0, 0, 0, 0, 0, 0, 0, 0, 0, 0, 0, 0, 0.19, 0, 0, 0.08, 0, 0, 1.0])
(./分词对照集/头条新闻训练集/202004011003.txt,[0, 0, 0, 0, 0, 0, 0, 0, 0, 0, 0, 0, 0, 0, 0, 0, 0, 0, 0, 0, 1.0])
(./分词对照集/头条新闻训练集/202004011238.txt,[0, 0, 0, 0, 0, 0, 0, 0, 0, 0, 0, 0, 0, 0, 0, 0, 0, 0, 0.07, 0, 1.0])
(./分词对照集/头条新闻训练集/202004011300.txt,[0, 0, 0, 0, 0, 0, 0, 0, 0.15, 0, 0, 0, 0, 0, 0.19, 0, 0, 0, 0, 0, 1.0])
(./分词对照集/头条新闻训练集/202004021000.txt,[0, 0, 0, 0, 0, 0, 0, 0, 0, 0, 0, 0, 0, 0, 0.19, 0, 0, 0, 0.07, 0, 1.0])
(./分词对照集/头条新闻训练集/202004021033.txt,[0, 0, 0, 0, 0, 0, 0, 0, 0, 0, 0.12, 0, 0, 0, 0, 0, 0, 0, 0, 0, 1.0])
(./分词对照集/头条新闻训练集/202004021042.txt,[0.11, 0, 0, 0, 0, 0, 0.1, 0, 0, 0, 0.12, 0, 0, 0, 0.19, 0, 0, 0, 0, 0, 1.0])
(./分词对照集/头条新闻训练集/202004021331.txt,[0.11, 0, 0.19, 0, 0, 0, 0, 0, 0, 0, 0.12, 0, 0, 0, 0, 0, 0.14, 0, 0.07, 0, 1.0])
(./分词对照集/头条新闻训练集/202004021407.txt,[0, 0, 0, 0, 0, 0, 0, 0, 0, 0, 0, 0, 0, 0, 0, 0, 0, 0, 0, 0, 1.0])
(./分词对照集/头条新闻训练集/202004030702.txt,[0, 0, 0, 0, 0, 0, 0, 0, 0, 0, 0.12, 0, 0, 0, 0, 0, 0, 0, 0, 0, 1.0])
(./分词对照集/头条新闻训练集/202004030720.txt,[0.11, 0, 0, 0, 0, 0, 0, 0, 0, 0, 0.12, 0, 0, 0, 0.19, 0, 0, 0, 0, 0, 1.0])
(./分词对照集/头条新闻训练集/202004031120.txt,[0.11, 0, 0, 0, 0, 0, 0, 0, 0, 0, 0.12, 0, 0, 0, 0.19, 0, 0.14, 0, 0, 0, 1.0])
(./分词对照集/头条新闻训练集/202004031210.txt,[0, 0, 0, 0, 0, 0, 0, 0, 0, 0, 0, 0, 0, 0, 0.19, 0, 0, 0, 0, 0, -1.0])
(./分词对照集/头条新闻训练集/202004031240.txt,[0.11, 0, 0, 0, 0, 0, 0, 0, 0, 0, 0.12, 0, 0, 0, 0.19, 0, 0.14, 0, 0, 0, 1.0])
(./分词对照集/头条新闻训练集/202004050043.txt,[0, 0, 0.19, 0, 0, 0, 0, 0, 0, 0, 0.12, 0, 0, 0, 0, 0, 0, 0, 0.07, 0, 1.0])
(./分词对照集/头条新闻训练集/202004050317.txt,[0, 0, 0, 0, 0, 0, 0, 0, 0, 0, 0, 0, 0, 0, 0, 0, 0, 0, 0, 0, 1.0])
(./分词对照集/头条新闻训练集/202004060026.txt,[0, 0, 0, 0, 0, 0, 0, 0, 0, 0, 0.12, 0, 0, 0, 0.19, 0, 0, 0, 0.07, 0, 1.0])
(./分词对照集/头条新闻训练集/202004060637.txt,[0.11, 0, 0.19, 0, 0.28, 0, 0, 0, 0, 0, 0.12, 0, 0, 0, 0, 0, 0, 0, 0, 0, 1.0])
(./分词对照集/头条新闻训练集/202004060710.txt,[0, 0, 0, 0, 0, 0, 0, 0, 0, 0, 0, 0, 0, 0, 0.19, 0, 0, 0, 0, 0, 1.0])
(./分词对照集/头条新闻训练集/202004061315.txt,[0, 0, 0, 0, 0, 0, 0, 0, 0, 0, 0.12, 0, 0, 0, 0.19, 0, 0.14, 0, 0, 0.24, 1.0])
(./分词对照集/头条新闻训练集/202004061415.txt,[0, 0, 0, 0, 0, 0, 0, 0, 0, 0, 0, 0, 0, 0, 0, 0, 0, 0, 0, 0, 1.0])
(./分词对照集/头条新闻训练集/202004070210.txt,[0.11, 0, 0.19, 0, 0.28, 0, 0, 0, 0, 0, 0.12, 0, 0, 0, 0.19, 0, 0, 0, 0, 0, 1.0])
(./分词对照集/头条新闻训练集/202004071015.txt,[0.11, 0, 0, 0, 0, 0, 0.1, 0, 0, 0, 0.12, 0, 0, 0, 0, 0, 0.14, 0, 0, 0, 1.0])
(./分词对照集/头条新闻训练集/202004081129.txt,[0, 0, 0, 0, 0, 0, 0, 0, 0, 0, 0, 0, 0, 0, 0.19, 0, 0, 0, 0, 0, 1.0])
(./分词对照集/头条新闻训练集/202004081207.txt,[0.11, 0, 0, 0, 0, 0, 0, 0, 0, 0, 0.12, 0, 0, 0, 0.19, 0, 0, 0, 0, 0, 1.0])
(./分词对照集/头条新闻训练集/202004081410.txt,[0.11, 0, 0.19, 0, 0.28, 0, 0, 0, 0, 0, 0.12, 0, 0, 0, 0.19, 0, 0, 0, 0, 0, 1.0])
(./分词对照集/头条新闻训练集/202004081434.txt,[0.11, 0, 0.19, 0, 0, 0, 0.1, 0, 0, 0, 0.12, 0, 0, 0, 0, 0, 0, 0, 0.07, 0, 1.0])
(./分词对照集/头条新闻训练集/202004090506.txt,[0.11, 0, 0.19, 0, 0.28, 0, 0, 0, 0, 0, 0.12, 0, 0, 0, 0.19, 0, 0, 0, 0, 0, 1.0])
(./分词对照集/头条新闻训练集/202004090600.txt,[0, 0, 0, 0, 0, 0, 0, 0, 0, 0, 0, 0, 0, 0, 0, 0, 0, 0, 0, 0, 1.0])
(./分词对照集/头条新闻训练集/202004090641.txt,[0.11, 0, 0.19, 0, 0.28, 0, 0, 0, 0, 0, 0.12, 0, 0, 0, 0, 0, 0, 0, 0.07, 0, 1.0])
(./分词对照集/头条新闻训练集/202004091343.txt,[0, 0, 0, 0, 0, 0, 0.1, 0, 0, 0, 0.12, 0, 0, 0, 0, 0, 0, 0, 0, 0, 1.0])
(./分词对照集/头条新闻训练集/202004100214.txt,[0, 0, 0, 0, 0, 0, 0, 0, 0, 0, 0, 0, 0, 0, 0.19, 0, 0, 0, 0, 0, 1.0])
(./分词对照集/头条新闻训练集/202004100737.txt,[0.11, 0, 0, 0, 0, 0, 0, 0, 0, 0, 0.12, 0, 0, 0, 0, 0, 0.14, 0, 0, 0, 1.0])
(./分词对照集/头条新闻训练集/202004100809.txt,[0.11, 0, 0, 0, 0, 0, 0, 0, 0, 0, 0.12, 0, 0, 0, 0.19, 0, 0, 0, 0, 0.24, 1.0])
(./分词对照集/头条新闻训练集/202004101345.txt,[0, 0, 0, 0, 0, 0, 0.1, 0, 0, 0.14, 0, 0, 0, 0, 0.19, 0, 0, 0, 0, 0, 1.0])
(./分词对照集/头条新闻训练集/202004110130.txt,[0, 0, 0, 0, 0, 0, 0, 0, 0, 0, 0, 0, 0, 0, 0, 0, 0, 0, 0.07, 0, 1.0])
(./分词对照集/头条新闻训练集/202004110200.txt,[0, 0, 0, 0, 0, 0, 0, 0, 0, 0.14, 0, 0, 0, 0, 0.19, 0, 0, 0, 0, 0, 1.0])
(./分词对照集/头条新闻训练集/202004110801.txt,[0.11, 0, 0.19, 0, 0.28, 0, 0, 0, 0, 0, 0.12, 0, 0, 0, 0, 0, 0, 0, 0.07, 0, 1.0])
(./分词对照集/头条新闻训练集/202004111029.txt,[0.11, 0, 0, 0, 0, 0, 0, 0, 0, 0, 0.12, 0, 0, 0, 0, 0, 0.14, 0, 0, 0, 1.0])
(./分词对照集/头条新闻训练集/202005011302.txt,[0.11, 0, 0.19, 0, 0.28, 0, 0.1, 0, 0, 0.14, 0.12, 0, 0.1, 0, 0.19, 0, 0.14, 0, 0.07, 0, 1.0])
(./分词对照集/头条新闻训练集/202005020640.txt,[0.11, 0, 0, 0, 0, 0, 0, 0, 0.15, 0, 0.12, 0, 0, 0, 0, 0, 0, 0, 0, 0, 1.0])
(./分词对照集/头条新闻训练集/202005020740.txt,[0.11, 0, 0, 0, 0, 0, 0, 0, 0, 0, 0.12, 0, 0, 0, 0.19, 0, 0, 0, 0.07, 0, 1.0])
(./分词对照集/头条新闻训练集/202005021000.txt,[0, 0, 0, 0, 0, 0, 0, 0, 0, 0, 0.12, 0, 0, 0, 0.19, 0, 0, 0, 0, 0, 1.0])
(./分词对照集/头条新闻训练集/202005021510.txt,[0, 0, 0, 0, 0, 0, 0, 0, 0, 0, 0, 0, 0, 0, 0, 0, 0, 0, 0, 0, -1.0])
(./分词对照集/头条新闻训练集/202005021806.txt,[0, 0, 0, 0, 0, 0, 0, 0, 0, 0, 0, 0, 0, 0, 0.19, 0, 0, 0, 0, 0, 1.0])
(./分词对照集/头条新闻训练集/202005030625.txt,[0.11, 0, 0, 0, 0, 0, 0, 0, 0, 0, 0.12, 0, 0, 0, 0.19, 0, 0, 0, 0, 0, 1.0])
(./分词对照集/头条新闻训练集/202005030704.txt,[0, 0, 0, 0, 0, 0, 0, 0, 0, 0, 0, 0, 0, 0, 0.19, 0, 0, 0, 0, 0, 1.0])
(./分词对照集/头条新闻训练集/202005030719.txt,[0, 0, 0, 0, 0, 0, 0, 0, 0, 0, 0, 0, 0, 0, 0.19, 0, 0, 0, 0, 0, 1.0])
(./分词对照集/头条新闻训练集/202005031006.txt,[0.11, 0, 0, 0, 0, 0, 0.1, 0, 0, 0, 0.12, 0, 0, 0, 0.19, 0, 0, 0, 0, 0, 1.0])
(./分词对照集/头条新闻训练集/202005031217.txt,[0, 0, 0, 0, 0, 0, 0, 0, 0.15, 0, 0, 0, 0, 0, 0.19, 0, 0, 0, 0, 0, 1.0])
(./分词对照集/头条新闻训练集/202005031516.txt,[0, 0, 0, 0, 0, 0, 0.1, 0, 0, 0, 0, 0, 0, 0, 0.19, 0, 0, 0, 0, 0, 1.0])
(./分词对照集/头条新闻训练集/202005050831.txt,[0, 0, 0, 0, 0, 0, 0, 0, 0, 0, 0, 0, 0, 0, 0, 0, 0, 0, 0, 0, 1.0])
(./分词对照集/头条新闻训练集/202005051206.txt,[0, 0, 0, 0, 0, 0, 0, 0, 0, 0, 0, 0, 0, 0, 0.19, 0, 0, 0, 0, 0, 1.0])
(./分词对照集/头条新闻训练集/202005060615.txt,[0.11, 0, 0.19, 0, 0, 0, 0, 0, 0, 0, 0.12, 0, 0.1, 0, 0.19, 0, 0.14, 0, 0, 0, 1.0])
(./分词对照集/头条新闻训练集/202005060707.txt,[0, 0, 0, 0, 0, 0, 0, 0, 0, 0, 0, 0, 0, 0, 0, 0, 0, 0, 0, 0, 1.0])
(./分词对照集/头条新闻训练集/202005061020.txt,[0, 0, 0, 0, 0, 0, 0, 0, 0.15, 0, 0, 0, 0, 0, 0, 0, 0, 0, 0, 0, 1.0])
(./分词对照集/头条新闻训练集/202005061125.txt,[0, 0, 0, 0, 0, 0, 0, 0, 0, 0, 0.12, 0, 0, 0, 0, 0, 0, 0, 0, 0, 1.0])
(./分词对照集/头条新闻训练集/202005061600.txt,[0, 0, 0, 0, 0, 0, 0, 0, 0, 0, 0, 0, 0, 0, 0.19, 0, 0, 0, 0, 0, 1.0])
(./分词对照集/头条新闻训练集/202005061941.txt,[0, 0, 0, 0, 0, 0, 0, 0, 0, 0, 0, 0, 0, 0, 0.19, 0, 0, 0, 0, 0, 1.0])
(./分词对照集/头条新闻训练集/202005062050.txt,[0, 0, 0, 0, 0, 0, 0, 0, 0, 0, 0, 0, 0, 0, 0.19, 0, 0, 0, 0, 0, 1.0])
(./分词对照集/头条新闻训练集/202005070706.txt,[0, 0, 0, 0, 0, 0, 0, 0, 0, 0, 0.12, 0, 0, 0, 0.19, 0, 0, 0, 0, 0, 1.0])
(./分词对照集/头条新闻训练集/202005071254.txt,[0, 0, 0, 0, 0, 0, 0, 0, 0, 0, 0.12, 0, 0.1, 0, 0, 0, 0.14, 0, 0, 0, 1.0])
(./分词对照集/头条新闻训练集/202005071529.txt,[0, 0, 0, 0, 0, 0, 0, 0, 0, 0.14, 0.12, 0, 0, 0, 0, 0, 0, 0, 0, 0, 1.0])
(./分词对照集/头条新闻训练集/202005071747.txt,[0, 0, 0, 0, 0, 0, 0, 0, 0, 0, 0, 0, 0, 0, 0.19, 0, 0, 0, 0, 0, -1.0])
(./分词对照集/头条新闻训练集/202005071829.txt,[0.11, 0, 0, 0, 0, 0, 0, 0, 0, 0, 0.12, 0, 0, 0, 0, 0, 0, 0, 0, 0, 1.0])
(./分词对照集/头条新闻训练集/202005072209.txt,[0, 0, 0, 0, 0, 0, 0.1, 0, 0, 0, 0.12, 0, 0, 0, 0, 0, 0, 0, 0, 0, 1.0])
(./分词对照集/头条新闻训练集/202005072331.txt,[0, 0, 0, 0, 0, 0, 0, 0, 0, 0, 0, 0, 0, 0, 0.19, 0, 0, 0, 0, 0, -1.0])
(./分词对照集/头条新闻训练集/202005080709.txt,[0, 0, 0.19, 0, 0, 0, 0, 0, 0, 0, 0.12, 0, 0, 0, 0, 0, 0, 0, 0, 0, 1.0])
(./分词对照集/头条新闻训练集/202005081200.txt,[0, 0, 0, 0, 0, 0, 0, 0, 0, 0, 0, 0, 0, 0, 0.19, 0, 0, 0, 0, 0, 1.0])
(./分词对照集/头条新闻训练集/202005081220.txt,[0, 0, 0, 0, 0, 0, 0, 0, 0, 0, 0.12, 0, 0, 0, 0.19, 0, 0, 0, 0, 0, 1.0])
(./分词对照集/头条新闻训练集/202005081753.txt,[0, 0, 0, 0, 0, 0, 0, 0, 0, 0, 0, 0, 0, 0, 0.19, 0, 0, 0, 0, 0, 1.0])
(./分词对照集/头条新闻训练集/202005081850.txt,[0, 0, 0, 0, 0, 0, 0.1, 0, 0, 0, 0, 0, 0, 0, 0.19, 0, 0, 0, 0, 0, 1.0])
(./分词对照集/头条新闻训练集/202005082155.txt,[0, 0, 0.19, 0, 0, 0, 0.1, 0, 0, 0, 0.12, 0, 0, 0, 0.19, 0, 0, 0, 0, 0, 1.0])
(./分词对照集/头条新闻训练集/202005090815.txt,[0, 0, 0, 0, 0, 0, 0, 0, 0, 0, 0, 0, 0, 0, 0, 0, 0, 0, 0, 0, 1.0])
(./分词对照集/头条新闻训练集/202005091140.txt,[0.11, 0, 0, 0, 0, 0, 0.1, 0, 0, 0, 0.12, 0, 0, 0, 0, 0, 0.14, 0, 0, 0, 1.0])
(./分词对照集/头条新闻训练集/202005091150.txt,[0, 0, 0, 0, 0, 0, 0, 0, 0, 0, 0, 0, 0, 0, 0.19, 0, 0, 0, 0, 0, 1.0])
(./分词对照集/头条新闻训练集/202005091722.txt,[0, 0, 0, 0, 0, 0, 0, 0, 0, 0, 0.12, 0, 0, 0, 0.19, 0, 0, 0, 0, 0, 1.0])
(./分词对照集/头条新闻训练集/202005092338.txt,[0, 0, 0, 0, 0, 0, 0, 0, 0, 0, 0, 0, 0, 0, 0.19, 0, 0, 0, 0, 0, -1.0])
(./分词对照集/头条新闻训练集/202005101936.txt,[0, 0, 0, 0, 0, 0, 0, 0, 0, 0, 0, 0, 0, 0, 0, 0, 0, 0, 0, 0, 1.0])
(./分词对照集/新浪新闻训练集/202001200723.txt,[0.11, 0, 0.19, 0, 0.28, 0, 0.1, 0, 0.15, 0, 0, 0, 0.1, 0, 0.19, 0, 0.14, 0, 0.07, 0, 1.0])
(./分词对照集/新浪新闻训练集/202001200919.txt,[0.11, 0, 0.19, 0, 0.28, 0, 0.1, 0, 0.15, 0, 0, 0, 0.1, 0, 0, 0, 0, 0, 0.07, 0, 1.0])
(./分词对照集/新浪新闻训练集/202001201535.txt,[0.11, 0, 0.19, 0, 0.28, 0, 0.1, 0, 0.15, 0, 0, 0, 0.1, 0.07, 0.19, 0, 0.14, 0, 0, 0, 1.0])
(./分词对照集/新浪新闻训练集/202001201558.txt,[0.11, 0, 0.19, 0, 0.28, 0, 0, 0, 0, 0, 0, 0, 0.1, 0, 0, 0, 0.14, 0, 0, 0, 1.0])
(./分词对照集/新浪新闻训练集/202001201933.txt,[0.11, 0, 0.19, 0, 0.28, 0, 0.1, 0, 0, 0, 0, 0, 0.1, 0, 0.19, 0, 0, 0, 0, 0, 1.0])
(./分词对照集/新浪新闻训练集/202001202021.txt,[0.11, 0, 0.19, 0, 0.28, 0, 0.1, 0, 0.15, 0, 0, 0, 0.1, 0, 0.19, 0, 0.14, 0, 0.07, 0, 1.0])
(./分词对照集/新浪新闻训练集/202001202114.txt,[0.11, 0, 0.19, 0, 0.28, 0, 0.1, 0, 0.15, 0, 0, 0, 0.1, 0, 0, 0, 0.14, 0, 0.07, 0, 1.0])
(./分词对照集/新浪新闻训练集/202001210730.txt,[0.11, 0, 0, 0, 0, 0, 0.1, 0, 0, 0, 0, 0, 0.1, 0, 0.19, 0, 0, 0, 0.07, 0, 1.0])
(./分词对照集/新浪新闻训练集/202001210739.txt,[0.11, 0, 0.19, 0, 0.28, 0, 0.1, 0, 0.15, 0, 0, 0, 0.1, 0, 0, 0, 0.14, 0, 0.07, 0, 1.0])
(./分词对照集/新浪新闻训练集/202001210842.txt,[0, 0, 0.19, 0, 0.28, 0, 0, 0, 0.15, 0, 0, 0, 0.1, 0, 0, 0, 0.14, 0, 0.07, 0, 1.0])
(./分词对照集/新浪新闻训练集/202001210859.txt,[0.11, 0, 0, 0, 0, 0, 0.1, 0, 0.15, 0, 0, 0, 0.1, 0, 0.19, 0, 0.14, 0, 0, 0, 1.0])
(./分词对照集/新浪新闻训练集/202001210941.txt,[0.11, 0, 0, 0, 0, 0, 0, 0, 0.15, 0, 0, 0, 0.1, 0, 0, 0, 0.14, 0, 0, 0, 1.0])
(./分词对照集/新浪新闻训练集/202001211126.txt,[0.11, 0, 0, 0, 0.28, 0, 0, 0, 0.15, 0, 0, 0, 0.1, 0, 0, 0, 0.14, 0, 0.07, 0, 1.0])
(./分词对照集/新浪新闻训练集/202001211328.txt,[0.11, 0, 0, 0, 0.28, 0, 0.1, 0, 0.15, 0, 0, 0, 0.1, 0, 0.19, 0, 0.14, 0, 0, 0, 1.0])
(./分词对照集/新浪新闻训练集/202001211652.txt,[0.11, 0, 0.19, 0, 0.28, 0, 0.1, 0, 0, 0, 0, 0, 0.1, 0, 0, 0, 0, 0, 0, 0, 1.0])
(./分词对照集/新浪新闻训练集/202001211823.txt,[0.11, 0, 0.19, 0, 0.28, 0, 0.1, 0, 0.15, 0, 0, 0, 0.1, 0, 0.19, 0, 0.14, 0, 0.07, 0, 1.0])
(./分词对照集/新浪新闻训练集/202001212144.txt,[0.11, 0, 0.19, 0, 0.28, 0, 0.1, 0, 0.15, 0, 0, 0, 0.1, 0, 0, 0, 0.14, 0, 0.07, 0, 1.0])
(./分词对照集/新浪新闻训练集/202001212151.txt,[0.11, 0, 0, 0, 0.28, 0, 0.1, 0, 0, 0, 0, 0, 0.1, 0, 0, 0, 0, 0, 0.07, 0, 1.0])
(./分词对照集/新浪新闻训练集/202001212226.txt,[0.11, 0, 0.19, 0, 0.28, 0, 0.1, 0, 0, 0, 0, 0, 0.1, 0, 0, 0, 0, 0, 0.07, 0, 1.0])
(./分词对照集/新浪新闻训练集/202001212308.txt,[0.11, 0, 0.19, 0, 0.28, 0, 0.1, 0, 0.15, 0, 0, 0, 0.1, 0, 0, 0, 0.14, 0, 0.07, 0, 1.0])
(./分词对照集/新浪新闻训练集/202001212331.txt,[0.11, 0, 0.19, 0, 0.28, 0, 0.1, 0, 0, 0, 0, 0, 0.1, 0, 0.19, 0, 0.14, 0, 0, 0, 1.0])
(./分词对照集/新浪新闻训练集/202001220005.txt,[0.11, 0, 0.19, 0, 0.28, 0, 0.1, 0, 0.15, 0, 0, 0, 0.1, 0, 0.19, 0, 0.14, 0, 0.07, 0, 1.0])
(./分词对照集/新浪新闻训练集/202001220701.txt,[0.11, 0, 0.19, 0, 0.28, 0, 0, 0, 0, 0, 0, 0, 0.1, 0, 0, 0, 0, 0, 0, 0, 1.0])
(./分词对照集/新浪新闻训练集/202001220831.txt,[0.11, 0, 0.19, 0, 0.28, 0, 0, 0, 0.15, 0, 0, 0, 0.1, 0, 0.19, 0, 0.14, 0, 0, 0, 1.0])
(./分词对照集/新浪新闻训练集/202001220955.txt,[0.11, 0, 0.19, 0, 0.28, 0, 0.1, 0, 0.15, 0, 0, 0, 0.1, 0, 0, 0, 0.14, 0, 0.07, 0, 1.0])
(./分词对照集/新浪新闻训练集/202001221012.txt,[0.11, 0, 0.19, 0, 0.28, 0, 0.1, 0, 0.15, 0, 0, 0, 0.1, 0, 0.19, 0, 0, 0, 0, 0, 1.0])
(./分词对照集/新浪新闻训练集/202001221254.txt,[0.11, 0, 0, 0, 0, 0, 0.1, 0, 0.15, 0, 0, 0, 0.1, 0, 0, 0, 0, 0, 0.07, 0, 1.0])
(./分词对照集/新浪新闻训练集/202002172206.txt,[0.11, 0, 0, 0, 0, 0, 0, 0, 0, 0, 0, 0, 0, 0, 0.19, 0, 0, 0, 0, 0, 1.0])
(./分词对照集/新浪新闻训练集/202002172220.txt,[0.11, 0, 0.19, 0, 0, 0, 0, 0, 0, 0, 0.12, 0, 0.1, 0, 0, 0, 0, 0, 0, 0, 1.0])
(./分词对照集/新浪新闻训练集/202002172251.txt,[0.11, 0, 0, 0, 0, 0, 0.1, 0, 0.15, 0, 0, 0, 0.1, 0, 0.19, 0, 0.14, 0, 0, 0, 1.0])
(./分词对照集/新浪新闻训练集/202002180721.txt,[0.11, 0, 0.19, 0, 0.28, 0, 0, 0, 0, 0, 0.12, 0, 0.1, 0, 0.19, 0, 0, 0, 0.07, 0, 1.0])
(./分词对照集/新浪新闻训练集/202002180748.txt,[0.11, 0, 0.19, 0, 0.28, 0, 0, 0, 0.15, 0, 0.12, 0, 0, 0, 0, 0, 0, 0, 0, 0, 1.0])
(./分词对照集/新浪新闻训练集/202002180802.txt,[0.11, 0, 0.19, 0, 0.28, 0, 0, 0, 0.15, 0, 0, 0, 0.1, 0, 0.19, 0, 0, 0, 0, 0, 1.0])
(./分词对照集/新浪新闻训练集/202002180810.txt,[0.11, 0, 0.19, 0, 0.28, 0, 0, 0, 0, 0, 0, 0, 0.1, 0, 0, 0, 0, 0, 0, 0, 1.0])
(./分词对照集/新浪新闻训练集/202002181546.txt,[0, 0, 0, 0, 0, 0, 0, 0, 0, 0, 0, 0, 0, 0, 0.19, 0, 0, 0, 0, 0, -1.0])
(./分词对照集/新浪新闻训练集/202002181847.txt,[0.11, 0, 0.19, 0, 0, 0, 0.1, 0, 0, 0, 0.12, 0, 0, 0, 0, 0, 0, 0, 0.07, 0, 1.0])
(./分词对照集/新浪新闻训练集/202002181938.txt,[0.11, 0, 0, 0, 0, 0, 0, 0, 0, 0, 0, 0, 0, 0, 0.19, 0, 0, 0, 0, 0, 1.0])
(./分词对照集/新浪新闻训练集/202002182004.txt,[0.11, 0, 0, 0, 0, 0, 0, 0, 0.15, 0, 0.12, 0, 0, 0, 0.19, 0, 0.14, 0, 0.07, 0, 1.0])
(./分词对照集/新浪新闻训练集/202002182028.txt,[0.11, 0, 0, 0, 0, 0, 0, 0, 0.15, 0, 0.12, 0, 0.1, 0, 0.19, 0, 0, 0, 0, 0, 1.0])
(./分词对照集/新浪新闻训练集/202002182149.txt,[0.11, 0, 0.19, 0, 0.28, 0, 0, 0, 0, 0, 0.12, 0, 0.1, 0, 0.19, 0, 0.14, 0, 0, 0, 1.0])
(./分词对照集/新浪新闻训练集/202002190723.txt,[0.11, 0, 0.19, 0, 0.28, 0, 0, 0, 0, 0, 0.12, 0, 0.1, 0, 0.19, 0, 0, 0, 0.07, 0, 1.0])
(./分词对照集/新浪新闻训练集/202002190743.txt,[0.11, 0, 0, 0, 0, 0, 0, 0, 0, 0, 0.12, 0, 0, 0, 0, 0, 0.14, 0, 0.07, 0, 1.0])
(./分词对照集/新浪新闻训练集/202002190805.txt,[0.11, 0, 0.19, 0, 0.28, 0, 0, 0, 0.15, 0, 0.12, 0, 0.1, 0, 0.19, 0, 0, 0, 0, 0, 1.0])
(./分词对照集/新浪新闻训练集/202002190908.txt,[0.11, 0, 0, 0, 0, 0, 0, 0, 0.15, 0, 0.12, 0, 0, 0, 0.19, 0, 0, 0, 0, 0, 1.0])
(./分词对照集/新浪新闻训练集/202002191020.txt,[0, 0, 0, 0, 0, 0, 0, 0, 0, 0, 0, 0, 0, 0, 0.19, 0, 0, 0, 0, 0, 1.0])
(./分词对照集/新浪新闻训练集/202002191113.txt,[0, 0, 0, 0, 0, 0, 0, 0, 0, 0, 0, 0, 0, 0, 0.19, 0, 0, 0, 0, 0, 1.0])
(./分词对照集/新浪新闻训练集/202002191458.txt,[0.11, 0, 0, 0, 0, 0, 0.1, 0, 0, 0, 0.12, 0, 0, 0, 0.19, 0, 0, 0, 0, 0, 1.0])
(./分词对照集/新浪新闻训练集/202002191551.txt,[0, 0, 0, 0, 0, 0, 0, 0, 0, 0, 0, 0, 0, 0, 0.19, 0, 0, 0, 0, 0, 1.0])
(./分词对照集/新浪新闻训练集/202002191715.txt,[0, 0, 0.19, 0, 0, 0, 0, 0, 0, 0, 0, 0, 0, 0, 0, 0, 0, 0, 0, 0, 1.0])
(./分词对照集/新浪新闻训练集/202002191836.txt,[0.11, 0, 0, 0, 0, 0, 0.1, 0, 0.15, 0, 0.12, 0, 0, 0, 0.19, 0, 0, 0, 0, 0, 1.0])
(./分词对照集/新浪新闻训练集/202002191902.txt,[0, 0, 0, 0, 0, 0, 0, 0, 0.15, 0, 0, 0, 0, 0, 0, 0, 0, 0, 0, 0, 1.0])
(./分词对照集/新浪新闻训练集/202002191920.txt,[0, 0, 0, 0, 0, 0, 0, 0, 0, 0, 0, 0, 0, 0, 0.19, 0, 0, 0, 0, 0, 1.0])
(./分词对照集/新浪新闻训练集/202002192030.txt,[0, 0, 0, 0, 0, 0, 0, 0, 0, 0, 0, 0, 0, 0, 0.19, 0, 0, 0, 0, 0, 1.0])
(./分词对照集/新浪新闻训练集/202002192109.txt,[0.11, 0, 0, 0, 0, 0, 0, 0, 0, 0, 0.12, 0, 0, 0, 0, 0, 0, 0, 0, 0, 1.0])
(./分词对照集/新浪新闻训练集/202002192131.txt,[0.11, 0, 0, 0, 0, 0, 0, 0, 0, 0, 0.12, 0, 0, 0, 0, 0, 0.14, 0, 0, 0, 1.0])
(./分词对照集/新浪新闻训练集/202002192221.txt,[0.11, 0, 0.19, 0, 0.28, 0, 0, 0, 0.15, 0, 0.12, 0, 0, 0, 0.19, 0, 0, 0, 0, 0, 1.0])
(./分词对照集/新浪新闻训练集/202003010801.txt,[0.11, 0, 0.19, 0, 0.28, 0, 0, 0, 0, 0, 0.12, 0, 0, 0, 0.19, 0, 0.14, 0, 0, 0.24, 1.0])
(./分词对照集/新浪新闻训练集/202003021305.txt,[0.11, 0, 0, 0, 0, 0, 0, 0, 0, 0, 0.12, 0, 0, 0, 0, 0, 0, 0, 0, 0, -1.0])
(./分词对照集/新浪新闻训练集/202003031304.txt,[0.11, 0, 0.19, 0, 0.28, 0, 0.1, 0, 0, 0, 0.12, 0, 0, 0, 0.19, 0, 0, 0, 0, 0, 1.0])
(./分词对照集/新浪新闻训练集/202003041108.txt,[0.11, 0, 0.19, 0, 0.28, 0, 0.1, 0, 0, 0, 0.12, 0, 0, 0, 0, 0, 0.14, 0, 0.07, 0, 1.0])
(./分词对照集/新浪新闻训练集/202003041300.txt,[0.11, 0, 0, 0, 0.28, 0, 0, 0, 0, 0, 0, 0, 0.1, 0, 0.19, 0, 0, 0, 0, 0, 1.0])
(./分词对照集/新浪新闻训练集/202003051405.txt,[0.11, 0, 0, 0, 0, 0, 0, 0, 0, 0, 0.12, 0, 0, 0, 0.19, 0, 0, 0, 0, 0, -1.0])
(./分词对照集/新浪新闻训练集/202003060704.txt,[0.11, 0, 0.19, 0, 0.28, 0, 0.1, 0, 0, 0, 0.12, 0, 0, 0, 0.19, 0, 0.14, 0, 0, 0, 1.0])
(./分词对照集/新浪新闻训练集/202003061001.txt,[0.11, 0, 0, 0, 0, 0, 0.1, 0, 0.15, 0, 0.12, 0, 0, 0, 0.19, 0, 0, 0, 0.07, 0.24, 1.0])
(./分词对照集/新浪新闻训练集/202003061103.txt,[0.11, 0, 0, 0, 0.28, 0, 0, 0, 0, 0, 0.12, 0, 0, 0, 0, 0, 0, 0, 0, 0, 1.0])
(./分词对照集/新浪新闻训练集/202003101400.txt,[0, 0, 0, 0, 0, 0, 0, 0, 0.15, 0, 0, 0, 0, 0, 0.19, 0, 0.14, 0, 0, 0, 1.0])
(./分词对照集/新浪新闻训练集/202003111302.txt,[0.11, 0, 0.19, 0, 0.28, 0, 0, 0, 0, 0, 0, 0, 0.1, 0, 0.19, 0, 0, 0, 0, 0, 1.0])
(./分词对照集/新浪新闻训练集/202003121108.txt,[0.11, 0, 0.19, 0, 0, 0, 0, 0, 0, 0, 0.12, 0, 0.1, 0, 0.19, 0, 0, 0, 0, 0, 1.0])
(./分词对照集/新浪新闻训练集/202003121407.txt,[0.11, 0, 0, 0, 0, 0, 0.1, 0, 0, 0, 0.12, 0, 0.1, 0, 0, 0, 0.14, 0, 0, 0, 1.0])
(./分词对照集/新浪新闻训练集/202003131101.txt,[0.11, 0, 0.19, 0, 0.28, 0, 0, 0, 0.15, 0, 0, 0, 0.1, 0, 0.19, 0, 0, 0, 0, 0, 1.0])
(./分词对照集/新浪新闻训练集/202003131103.txt,[0.11, 0, 0.19, 0, 0.28, 0, 0, 0, 0.15, 0, 0.12, 0, 0.1, 0, 0.19, 0, 0, 0, 0.07, 0, 1.0])
(./分词对照集/新浪新闻训练集/202003140004.txt,[0.11, 0, 0.19, 0, 0, 0, 0.1, 0, 0, 0, 0.12, 0, 0, 0, 0, 0, 0, 0, 0, 0, 1.0])
(./分词对照集/新浪新闻训练集/202003140905.txt,[0, 0, 0, 0, 0, 0, 0, 0, 0, 0, 0, 0, 0, 0, 0, 0, 0, 0, 0, 0, 1.0])
(./分词对照集/新浪新闻训练集/202003141002.txt,[0.11, 0, 0.19, 0, 0, 0, 0.1, 0, 0, 0, 0.12, 0, 0, 0, 0.19, 0, 0, 0, 0, 0, 1.0])
(./分词对照集/新浪新闻训练集/202003151404.txt,[0, 0, 0, 0, 0, 0, 0, 0, 0, 0, 0, 0, 0.1, 0, 0, 0, 0, 0, 0, 0, 1.0])
(./分词对照集/新浪新闻训练集/202003221244.txt,[0, 0, 0, 0, 0, 0, 0, 0, 0, 0, 0, 0, 0, 0, 0, 0, 0, 0, 0, 0, 1.0])
(./分词对照集/新浪新闻训练集/202003221708.txt,[0.11, 0, 0, 0, 0, 0, 0, 0, 0, 0, 0.12, 0, 0, 0, 0, 0, 0.14, 0, 0, 0, 1.0])
(./分词对照集/新浪新闻训练集/202003221822.txt,[0.11, 0, 0.19, 0, 0.28, 0, 0, 0, 0, 0, 0.12, 0, 0, 0, 0.19, 0, 0.14, 0, 0, 0, 1.0])
(./分词对照集/新浪新闻训练集/202003221840.txt,[0, 0, 0, 0, 0, 0, 0, 0, 0, 0, 0, 0, 0, 0, 0, 0, 0, 0, 0, 0, 1.0])
(./分词对照集/新浪新闻训练集/202003230816.txt,[0.11, 0, 0.19, 0, 0.28, 0, 0, 0, 0.15, 0, 0, 0, 0.1, 0, 0.19, 0, 0, 0, 0, 0, 1.0])
(./分词对照集/新浪新闻训练集/202003230854.txt,[0, 0, 0, 0, 0, 0, 0, 0, 0, 0, 0.12, 0, 0, 0, 0, 0, 0, 0, 0, 0, 1.0])
(./分词对照集/新浪新闻训练集/202003231116.txt,[0, 0, 0, 0, 0, 0, 0, 0, 0, 0, 0, 0, 0, 0, 0, 0, 0, 0, 0.07, 0, 1.0])
(./分词对照集/新浪新闻训练集/202003231417.txt,[0.11, 0, 0, 0, 0, 0, 0, 0, 0, 0, 0.12, 0, 0, 0, 0.19, 0, 0, 0, 0, 0, 1.0])
(./分词对照集/新浪新闻训练集/202003231557.txt,[0.11, 0, 0, 0, 0, 0, 0, 0, 0, 0, 0.12, 0, 0, 0, 0.19, 0, 0, 0, 0, 0, -1.0])
(./分词对照集/新浪新闻训练集/202003231648.txt,[0.11, 0, 0.19, 0, 0.28, 0, 0, 0, 0, 0, 0.12, 0, 0, 0, 0, 0, 0, 0, 0, 0, 1.0])
(./分词对照集/新浪新闻训练集/202003231713.txt,[0.11, 0, 0.19, 0, 0.28, 0, 0, 0, 0, 0, 0.12, 0, 0, 0, 0.19, 0, 0, 0, 0, 0, 1.0])
(./分词对照集/新浪新闻训练集/202003232005.txt,[0, 0, 0, 0, 0, 0, 0, 0, 0, 0, 0, 0, 0, 0, 0.19, 0, 0, 0, 0, 0, 1.0])
(./分词对照集/新浪新闻训练集/202003232148.txt,[0.11, 0, 0.19, 0, 0.28, 0, 0, 0, 0, 0, 0.12, 0, 0, 0, 0, 0, 0, 0, 0, 0, 1.0])
(./分词对照集/新浪新闻训练集/202003240811.txt,[0.11, 0, 0.19, 0, 0, 0, 0, 0, 0, 0, 0.12, 0, 0, 0, 0.19, 0, 0.14, 0, 0, 0, 1.0])
(./分词对照集/新浪新闻训练集/202003240946.txt,[0.11, 0, 0.19, 0, 0, 0, 0.1, 0, 0, 0, 0.12, 0, 0, 0, 0, 0, 0, 0, 0, 0, 1.0])
(./分词对照集/新浪新闻训练集/202003241000.txt,[0, 0, 0, 0, 0, 0, 0, 0, 0, 0, 0.12, 0, 0, 0, 0.19, 0, 0, 0, 0, 0, 1.0])
(./分词对照集/新浪新闻训练集/202003241055.txt,[0.11, 0, 0.19, 0, 0, 0, 0.1, 0, 0, 0, 0.12, 0, 0, 0, 0.19, 0, 0.14, 0, 0, 0, 1.0])
(./分词对照集/新浪新闻训练集/202003241235.txt,[0, 0, 0, 0, 0, 0, 0, 0, 0, 0, 0, 0, 0, 0, 0.19, 0, 0, 0, 0.07, 0, 1.0])
(./分词对照集/新浪新闻训练集/202003241320.txt,[0, 0, 0, 0, 0, 0, 0, 0, 0, 0, 0, 0, 0, 0, 0.19, 0, 0, 0, 0, 0, -1.0])
(./分词对照集/新浪新闻训练集/202003241406.txt,[0, 0, 0, 0, 0, 0, 0, 0, 0, 0, 0.12, 0, 0, 0, 0.19, 0, 0, 0, 0.07, 0, 1.0])
(./分词对照集/新浪新闻训练集/202003241736.txt,[0, 0, 0, 0, 0, 0, 0, 0, 0, 0, 0, 0, 0, 0, 0.19, 0, 0, 0, 0.07, 0, 1.0])
(./分词对照集/新浪新闻训练集/202003241855.txt,[0.11, 0, 0.19, 0, 0.28, 0, 0, 0, 0, 0, 0.12, 0, 0, 0, 0.19, 0, 0, 0, 0, 0, 1.0])
(./分词对照集/新浪新闻训练集/202003241945.txt,[0, 0, 0, 0, 0, 0, 0, 0, 0, 0, 0, 0, 0, 0, 0, 0, 0, 0, 0, 0, -1.0])
(./分词对照集/新浪新闻训练集/202003242215.txt,[0, 0, 0, 0, 0, 0, 0, 0, 0, 0, 0, 0, 0, 0, 0, 0, 0, 0, 0, 0, -1.0])
(./分词对照集/新浪新闻训练集/202003242231.txt,[0, 0, 0, 0, 0, 0, 0, 0, 0.15, 0, 0, 0, 0, 0, 0.19, 0, 0, 0, 0, 0, 1.0])
(./分词对照集/新浪新闻训练集/202003242247.txt,[0, 0, 0, 0, 0, 0, 0.1, 0, 0, 0, 0.12, 0, 0.1, 0, 0.19, 0, 0, 0, 0, 0, 1.0])
(./分词对照集/新浪新闻训练集/202003250737.txt,[0.11, 0, 0.19, 0, 0.28, 0, 0, 0, 0, 0, 0.12, 0, 0, 0, 0.19, 0, 0, 0, 0, 0, 1.0])
(./分词对照集/新浪新闻训练集/202003250824.txt,[0.11, 0, 0, 0, 0, 0, 0, 0, 0, 0, 0, 0, 0, 0, 0.19, 0, 0, 0, 0, 0, 1.0])
(./分词对照集/新浪新闻训练集/202003250855.txt,[0, 0, 0, 0, 0, 0, 0, 0, 0, 0, 0.12, 0, 0, 0, 0, 0, 0, 0, 0, 0, 1.0])
(./分词对照集/新浪新闻训练集/202004011717.txt,[0.11, 0, 0.19, 0, 0.28, 0, 0, 0, 0, 0, 0.12, 0, 0, 0, 0.19, 0, 0, 0, 0, 0, 1.0])
(./分词对照集/新浪新闻训练集/202004020710.txt,[0.11, 0, 0.19, 0, 0.28, 0, 0, 0, 0, 0, 0.12, 0, 0, 0, 0.19, 0, 0, 0, 0, 0, 1.0])
(./分词对照集/新浪新闻训练集/202004020807.txt,[0.11, 0, 0.19, 0, 0, 0, 0.1, 0, 0, 0, 0.12, 0, 0, 0, 0.19, 0, 0, 0, 0, 0, 1.0])
(./分词对照集/新浪新闻训练集/202004021607.txt,[0.11, 0, 0.19, 0, 0.28, 0, 0.1, 0, 0, 0, 0.12, 0, 0, 0, 0.19, 0, 0, 0, 0, 0, 1.0])
(./分词对照集/新浪新闻训练集/202004030904.txt,[0, 0, 0, 0, 0, 0, 0, 0, 0, 0, 0.12, 0, 0, 0, 0.19, 0, 0, 0, 0, 0, 1.0])
(./分词对照集/新浪新闻训练集/202004031311.txt,[0.11, 0, 0.19, 0, 0, 0, 0, 0, 0, 0, 0.12, 0, 0, 0, 0.19, 0, 0, 0, 0.07, 0, 1.0])
(./分词对照集/新浪新闻训练集/202004031512.txt,[0.11, 0, 0.19, 0, 0.28, 0, 0, 0, 0, 0, 0.12, 0, 0, 0, 0, 0, 0, 0, 0, 0, 1.0])
(./分词对照集/新浪新闻训练集/202004031608.txt,[0.11, 0, 0, 0, 0, 0, 0, 0, 0, 0, 0.12, 0, 0, 0, 0.19, 0, 0, 0, 0, 0, 1.0])
(./分词对照集/新浪新闻训练集/202004031906.txt,[0.11, 0, 0, 0, 0, 0, 0, 0, 0, 0, 0.12, 0, 0, 0, 0.19, 0, 0.14, 0, 0.07, 0, 1.0])
(./分词对照集/新浪新闻训练集/202004041801.txt,[0, 0, 0, 0, 0, 0, 0, 0, 0, 0, 0.12, 0, 0, 0, 0, 0, 0, 0, 0, 0, 1.0])
(./分词对照集/新浪新闻训练集/202004051317.txt,[0.11, 0, 0, 0, 0, 0, 0, 0, 0, 0, 0.12, 0, 0, 0, 0, 0, 0, 0, 0, 0, 1.0])
(./分词对照集/新浪新闻训练集/202004051512.txt,[0.11, 0, 0, 0, 0, 0, 0.1, 0, 0, 0, 0.12, 0, 0, 0, 0.19, 0, 0.14, 0, 0, 0, 1.0])
(./分词对照集/新浪新闻训练集/202004061010.txt,[0, 0, 0, 0, 0, 0, 0, 0, 0, 0, 0, 0, 0, 0, 0.19, 0, 0, 0, 0, 0, 1.0])
(./分词对照集/新浪新闻训练集/202004061108.txt,[0, 0, 0, 0, 0, 0, 0.1, 0, 0, 0, 0.12, 0, 0, 0, 0, 0, 0, 0, 0.07, 0, 1.0])
(./分词对照集/新浪新闻训练集/202004061502.txt,[0, 0, 0, 0, 0, 0, 0, 0, 0, 0, 0.12, 0, 0, 0, 0, 0, 0, 0, 0, 0, 1.0])
(./分词对照集/新浪新闻训练集/202004061713.txt,[0.11, 0, 0.19, 0, 0.28, 0, 0.1, 0, 0, 0, 0, 0, 0, 0, 0, 0, 0.14, 0, 0.07, 0, 1.0])
(./分词对照集/新浪新闻训练集/202004200810.txt,[0.11, 0, 0.19, 0, 0, 0, 0.1, 0, 0, 0, 0.12, 0, 0, 0, 0.19, 0, 0, 0, 0.07, 0, 1.0])
(./分词对照集/新浪新闻训练集/202004210817.txt,[0, 0, 0.19, 0, 0, 0, 0.1, 0, 0, 0, 0.12, 0, 0.1, 0, 0, 0, 0, 0, 0, 0, 1.0])
(./分词对照集/新浪新闻训练集/202004210904.txt,[0, 0, 0.19, 0, 0.28, 0, 0.1, 0, 0, 0, 0, 0, 0, 0, 0.19, 0, 0, 0, 0, 0, 1.0])
(./分词对照集/新浪新闻训练集/202004210917.txt,[0, 0, 0, 0, 0, 0, 0, 0, 0, 0, 0, 0, 0, 0, 0.19, 0, 0, 0, 0, 0, -1.0])
(./分词对照集/新浪新闻训练集/202004211308.txt,[0.11, 0, 0, 0, 0, 0, 0, 0, 0, 0, 0.12, 0, 0, 0, 0, 0, 0, 0, 0, 0, 1.0])
(./分词对照集/新浪新闻训练集/202004221118.txt,[0, 0, 0, 0, 0, 0, 0, 0, 0, 0, 0, 0, 0, 0, 0.19, 0, 0, 0, 0, 0, 1.0])
(./分词对照集/新浪新闻训练集/202004221515.txt,[0, 0, 0, 0, 0, 0, 0, 0, 0, 0, 0, 0, 0, 0, 0.19, 0, 0, 0, 0, 0, 1.0])
(./分词对照集/新浪新闻训练集/202004222118.txt,[0, 0, 0, 0, 0.28, 0, 0, 0, 0, 0, 0, 0, 0, 0, 0, 0, 0.14, 0, 0, 0, 1.0])
(./分词对照集/新浪新闻训练集/202004232050.txt,[0.11, 0, 0, 0, 0, 0, 0, 0, 0, 0, 0.12, 0, 0, 0, 0.19, 0, 0, 0, 0, 0.24, 1.0])
(./分词对照集/新浪新闻训练集/202004252133.txt,[0.11, 0, 0, 0, 0, 0, 0, 0, 0, 0, 0.12, 0, 0, 0, 0, 0, 0.14, 0, 0, 0, 1.0])
(./分词对照集/新浪新闻训练集/202004252218.txt,[0, 0, 0, 0, 0, 0, 0, 0, 0.15, 0, 0.12, 0, 0, 0, 0, 0, 0, 0, 0, 0, 1.0])
(./分词对照集/新浪新闻训练集/202004272119.txt,[0, 0, 0, 0, 0, 0, 0, 0, 0, 0, 0, 0, 0, 0, 0.19, 0, 0, 0, 0, 0, -1.0])
(./分词对照集/新浪新闻训练集/202004280842.txt,[0.11, 0, 0.19, 0, 0.28, 0, 0, 0, 0.15, 0, 0, 0, 0, 0, 0.19, 0, 0, 0, 0, 0, 1.0])
(./分词对照集/新浪新闻训练集/202004281251.txt,[0, 0, 0, 0, 0, 0, 0, 0, 0, 0, 0, 0, 0, 0, 0, 0, 0, 0, 0, 0, -1.0])
(./分词对照集/新浪新闻训练集/202004281705.txt,[0.11, 0, 0, 0, 0, 0, 0, 0, 0, 0, 0.12, 0, 0, 0, 0.19, 0, 0, 0, 0, 0, 1.0])
(./分词对照集/新浪新闻训练集/202005070740.txt,[0.11, 0, 0, 0, 0.28, 0, 0.1, 0, 0, 0, 0.12, 0, 0, 0, 0.19, 0, 0, 0, 0, 0, 1.0])
(./分词对照集/新浪新闻训练集/202005070807.txt,[0.11, 0, 0.19, 0, 0.28, 0, 0, 0, 0, 0, 0, 0, 0.1, 0, 0.19, 0, 0, 0, 0, 0, 1.0])
(./分词对照集/新浪新闻训练集/202005071717.txt,[0, 0, 0, 0, 0, 0, 0, 0, 0, 0, 0.12, 0, 0, 0, 0, 0, 0, 0, 0, 0, -1.0])
(./分词对照集/新浪新闻训练集/202005080743.txt,[0.11, 0, 0.19, 0, 0, 0, 0, 0, 0, 0, 0.12, 0, 0, 0, 0.19, 0, 0, 0, 0, 0, 1.0])
(./分词对照集/新浪新闻训练集/202005080838.txt,[0.11, 0, 0.19, 0, 0.28, 0, 0, 0, 0, 0, 0, 0, 0.1, 0, 0.19, 0, 0, 0, 0, 0, 1.0])
(./分词对照集/新浪新闻训练集/202005090746.txt,[0.11, 0, 0.19, 0, 0.28, 0, 0, 0, 0, 0, 0, 0, 0, 0, 0, 0, 0, 0, 0, 0, 1.0])
(./分词对照集/新浪新闻训练集/202005091413.txt,[0, 0, 0, 0, 0, 0, 0, 0, 0, 0, 0, 0, 0, 0, 0, 0, 0, 0, 0.07, 0, 1.0])
(./分词对照集/新浪新闻训练集/202005100831.txt,[0, 0, 0, 0, 0, 0, 0, 0, 0, 0, 0.12, 0, 0, 0, 0.19, 0, 0.14, 0, 0, 0, -1.0])
(./分词对照集/新浪新闻训练集/202005100845.txt,[0.11, 0, 0.19, 0, 0.28, 0, 0, 0, 0, 0, 0, 0, 0, 0, 0.19, 0, 0, 0, 0, 0, 1.0])
(./分词对照集/新浪新闻训练集/202005100911.txt,[0.11, 0, 0.19, 0, 0.28, 0, 0, 0, 0, 0, 0.12, 0, 0, 0, 0, 0, 0, 0, 0, 0, 1.0])
(./分词对照集/新浪新闻训练集/202005101216.txt,[0.11, 0, 0, 0, 0.28, 0, 0.1, 0, 0, 0, 0.12, 0, 0, 0, 0.19, 0, 0, 0, 0, 0, 1.0])
(./分词对照集/新浪新闻训练集/202005101343.txt,[0, 0, 0, 0, 0, 0, 0, 0, 0, 0, 0, 0, 0, 0, 0.19, 0, 0, 0, 0, 0, 1.0])
(./分词对照集/新浪新闻训练集/202005171447.txt,[0, 0, 0.19, 0, 0, 0, 0.1, 0, 0, 0, 0.12, 0, 0, 0, 0, 0, 0, 0, 0, 0, 1.0])
(./分词对照集/新浪新闻训练集/202005180814.txt,[0.11, 0, 0.19, 0, 0.28, 0, 0, 0, 0, 0, 0, 0, 0, 0, 0.19, 0, 0, 0, 0, 0, 1.0])
(./分词对照集/新浪新闻训练集/202005181744.txt,[0, 0, 0, 0, 0, 0, 0, 0, 0, 0, 0, 0, 0, 0, 0.19, 0, 0, 0, 0, 0, 1.0])
(./分词对照集/新浪新闻训练集/202005190831.txt,[0.11, 0, 0.19, 0, 0.28, 0, 0, 0, 0, 0, 0, 0, 0, 0, 0.19, 0, 0, 0, 0, 0, 1.0])
(./分词对照集/新浪新闻训练集/202005191246.txt,[0, 0, 0, 0, 0, 0, 0, 0, 0, 0, 0.12, 0, 0, 0, 0, 0, 0, 0, 0, 0, -1.0])
(./分词对照集/新浪新闻训练集/202005191506.txt,[0, 0, 0, 0, 0, 0, 0, 0, 0, 0, 0, 0, 0, 0, 0, 0, 0, 0, 0.07, 0, 1.0])
(./分词对照集/新浪新闻训练集/202005191841.txt,[0.11, 0, 0.19, 0, 0, 0, 0.1, 0, 0, 0, 0.12, 0, 0, 0, 0.19, 0, 0, 0, 0, 0, 1.0])
(./分词对照集/新浪新闻训练集/202005201140.txt,[0.11, 0, 0, 0, 0, 0, 0.1, 0, 0, 0, 0.12, 0, 0, 0, 0, 0, 0, 0, 0, 0, 1.0])
(./分词对照集/新浪新闻训练集/202005201417.txt,[0.11, 0, 0.19, 0, 0.28, 0, 0, 0, 0.15, 0, 0.12, 0, 0, 0, 0.19, 0, 0, 0, 0.07, 0, 1.0])
(./分词对照集/新浪新闻训练集/202005210828.txt,[0.11, 0, 0.19, 0, 0.28, 0, 0, 0, 0, 0, 0, 0, 0, 0, 0.19, 0, 0, 0, 0, 0, 1.0])
(./分词对照集/新浪新闻训练集/202005220723.txt,[0.11, 0, 0.19, 0, 0, 0, 0, 0, 0, 0, 0.12, 0, 0, 0, 0, 0, 0, 0, 0, 0, 1.0])
(./分词对照集/新浪新闻训练集/202005230727.txt,[0.11, 0, 0.19, 0, 0.28, 0, 0, 0, 0, 0, 0.12, 0, 0, 0, 0, 0, 0.14, 0, 0, 0, 1.0])
(./分词对照集/新浪新闻训练集/202005230931.txt,[0, 0, 0.19, 0, 0, 0, 0, 0, 0, 0, 0.12, 0, 0, 0, 0.19, 0, 0, 0, 0, 0, 1.0])
(./分词对照集/新浪新闻训练集/202005240837.txt,[0.11, 0, 0, 0, 0, 0, 0, 0, 0.15, 0, 0, 0, 0, 0, 0, 0, 0.14, 0, 0, 0, -1.0])
(./分词对照集/新浪新闻训练集/202005260844.txt,[0.11, 0, 0.19, 0, 0.28, 0, 0, 0, 0, 0, 0.12, 0, 0, 0, 0.19, 0, 0, 0, 0, 0, 1.0])
(./分词对照集/新浪新闻训练集/202005261852.txt,[0, 0, 0, 0, 0, 0, 0.1, 0, 0, 0, 0.12, 0, 0, 0, 0.19, 0, 0, 0, 0.07, 0, 1.0])
(./分词对照集/新浪新闻训练集/202005271222.txt,[0, 0, 0, 0, 0, 0, 0, 0, 0, 0, 0, 0, 0, 0, 0, 0, 0, 0, 0, 0, -1.0])
(./分词对照集/新浪新闻训练集/202005272115.txt,[0.11, 0, 0.19, 0.11, 0.28, 0, 0.1, 0, 0, 0, 0.12, 0, 0, 0, 0.19, 0, 0, 0, 0, 0, 1.0])
(./分词对照集/新浪新闻训练集/202005280740.txt,[0.11, 0, 0.19, 0, 0.28, 0, 0.1, 0, 0, 0, 0.12, 0, 0, 0, 0, 0, 0.14, 0, 0, 0, 1.0])
(./分词对照集/新浪新闻训练集/202005280901.txt,[0.11, 0, 0, 0, 0, 0, 0.1, 0, 0, 0, 0.12, 0, 0, 0, 0, 0, 0.14, 0.08, 0, 0, 1.0])
(./分词对照集/新浪新闻训练集/202006020850.txt,[0, 0, 0, 0, 0.28, 0, 0, 0, 0, 0, 0, 0, 0, 0, 0.19, 0, 0, 0, 0, 0, -1.0])
(./分词对照集/新浪新闻训练集/202006020854.txt,[0.11, 0, 0, 0, 0, 0, 0.1, 0, 0.15, 0, 0.12, 0, 0, 0, 0, 0, 0, 0, 0, 0, 1.0])
(./分词对照集/新浪新闻训练集/202006050722.txt,[0.11, 0, 0.19, 0, 0.28, 0, 0, 0, 0, 0, 0.12, 0, 0, 0, 0, 0, 0, 0, 0, 0, 1.0])
(./分词对照集/新浪新闻训练集/202006100807.txt,[0.11, 0, 0.19, 0, 0.28, 0, 0, 0, 0, 0, 0.12, 0, 0, 0, 0.19, 0, 0, 0, 0, 0, 1.0])
(./分词对照集/新浪新闻训练集/202006110737.txt,[0.11, 0, 0, 0, 0, 0, 0, 0, 0.15, 0, 0.12, 0, 0, 0, 0.19, 0, 0, 0, 0, 0, 1.0])
(./分词对照集/新浪新闻训练集/202006110818.txt,[0.11, 0, 0.19, 0, 0.28, 0, 0, 0, 0, 0, 0.12, 0, 0.1, 0, 0.19, 0, 0, 0, 0, 0, 1.0])
(./分词对照集/新浪新闻训练集/202006120841.txt,[0.11, 0, 0.19, 0, 0.28, 0, 0, 0, 0, 0, 0, 0, 0, 0, 0.19, 0, 0, 0, 0, 0, 1.0])
(./分词对照集/新浪新闻训练集/202006130856.txt,[0.11, 0, 0.19, 0, 0.28, 0, 0, 0, 0, 0, 0, 0, 0, 0, 0.19, 0, 0, 0, 0, 0, 1.0])
(./分词对照集/新浪新闻训练集/202006140818.txt,[0.11, 0, 0.19, 0, 0.28, 0, 0, 0, 0, 0, 0.12, 0, 0, 0, 0, 0, 0, 0, 0.07, 0, 1.0])
(./分词对照集/新浪新闻训练集/202006140835.txt,[0.11, 0, 0.19, 0, 0.28, 0, 0, 0, 0, 0, 0.12, 0, 0, 0, 0.19, 0, 0, 0, 0, 0, 1.0])
(./分词对照集/新浪新闻训练集/202006140839.txt,[0.11, 0, 0.19, 0, 0.28, 0, 0, 0, 0, 0, 0.12, 0, 0, 0, 0.19, 0, 0, 0, 0, 0, 1.0])
(./分词对照集/新浪新闻训练集/202006150752.txt,[0.11, 0, 0.19, 0, 0.28, 0, 0.1, 0, 0, 0, 0.12, 0, 0, 0, 0.19, 0, 0, 0, 0, 0, 1.0])
(./分词对照集/新浪新闻训练集/202006150821.txt,[0.11, 0, 0.19, 0, 0.28, 0, 0, 0, 0, 0, 0.12, 0, 0, 0, 0.19, 0, 0, 0, 0, 0, -1.0])
(./分词对照集/新浪新闻训练集/202006160700.txt,[0, 0, 0, 0, 0, 0, 0, 0, 0, 0, 0, 0, 0, 0, 0, 0, 0, 0, 0, 0, 1.0])
(./分词对照集/新浪新闻训练集/202006160805.txt,[0.11, 0, 0.19, 0, 0.28, 0, 0, 0, 0, 0, 0.12, 0, 0, 0, 0.19, 0, 0, 0, 0, 0, 1.0])
(./分词对照集/新浪新闻训练集/202006211021.txt,[0.11, 0, 0.19, 0, 0.28, 0, 0, 0, 0, 0, 0.12, 0, 0, 0, 0.19, 0, 0, 0, 0, 0, 1.0])
(./分词对照集/新浪新闻训练集/202006211221.txt,[0, 0, 0.19, 0, 0, 0, 0, 0, 0, 0, 0, 0, 0, 0, 0.19, 0, 0, 0, 0, 0, 1.0])
(./分词对照集/新浪新闻训练集/202006211530.txt,[0, 0, 0, 0, 0, 0, 0, 0, 0, 0, 0, 0, 0, 0, 0.19, 0, 0, 0, 0, 0, -1.0])
(./分词对照集/新浪新闻训练集/202006211651.txt,[0.11, 0, 0.19, 0, 0.28, 0, 0, 0, 0, 0, 0.12, 0, 0, 0, 0, 0, 0.14, 0, 0, 0, 1.0])
(./分词对照集/新浪新闻训练集/202006211913.txt,[0.11, 0, 0.19, 0, 0.28, 0, 0, 0, 0, 0, 0.12, 0, 0, 0, 0.19, 0, 0.14, 0, 0, 0, 1.0])
(./分词对照集/新浪新闻训练集/202006211934.txt,[0, 0, 0, 0, 0, 0, 0, 0, 0, 0, 0, 0, 0, 0, 0.19, 0, 0, 0, 0, 0, 1.0])
(./分词对照集/新浪新闻训练集/202006211955.txt,[0.11, 0, 0.19, 0, 0.28, 0, 0, 0, 0, 0, 0.12, 0, 0, 0, 0, 0, 0.14, 0, 0, 0, 1.0])
(./分词对照集/新浪新闻训练集/202006220803.txt,[0.11, 0, 0.19, 0, 0.28, 0, 0.1, 0, 0, 0, 0.12, 0, 0, 0, 0, 0, 0, 0, 0, 0, 1.0])
(./分词对照集/新浪新闻训练集/202006220837.txt,[0.11, 0, 0.19, 0, 0.28, 0, 0, 0, 0, 0, 0.12, 0, 0, 0, 0.19, 0, 0, 0, 0, 0, 1.0])
(./分词对照集/新浪新闻训练集/202006220903.txt,[0.11, 0, 0, 0, 0, 0, 0, 0, 0.15, 0, 0, 0, 0.1, 0, 0, 0, 0, 0, 0, 0, 1.0])
(./分词对照集/新浪新闻训练集/202006220940.txt,[0.11, 0, 0.19, 0, 0.28, 0, 0, 0, 0, 0, 0, 0, 0.1, 0, 0.19, 0, 0, 0, 0, 0, 1.0])
(./分词对照集/新浪新闻训练集/202006221245.txt,[0.11, 0, 0, 0, 0, 0, 0, 0, 0, 0, 0, 0, 0.1, 0, 0.19, 0, 0, 0, 0, 0, 1.0])
(./分词对照集/新浪新闻训练集/202006221306.txt,[0.11, 0, 0, 0, 0, 0, 0, 0, 0, 0, 0, 0, 0, 0, 0, 0, 0, 0, 0, 0, 1.0])
(./分词对照集/新浪新闻训练集/202006230839.txt,[0.11, 0, 0.19, 0, 0.28, 0, 0, 0, 0, 0, 0.12, 0, 0, 0, 0.19, 0, 0, 0, 0, 0, 1.0])
(./分词对照集/新浪新闻训练集/202006230842.txt,[0.11, 0, 0.19, 0, 0.28, 0, 0, 0, 0, 0, 0.12, 0, 0, 0, 0.19, 0, 0, 0, 0, 0, 1.0])
(./分词对照集/新浪新闻训练集/202006231040.txt,[0, 0, 0, 0, 0.28, 0, 0.1, 0, 0, 0, 0.12, 0, 0, 0, 0.19, 0, 0.14, 0, 0.07, 0, 1.0])
(./分词对照集/新浪新闻训练集/202006231632.txt,[0.11, 0, 0.19, 0, 0.28, 0, 0, 0, 0, 0, 0.12, 0, 0, 0, 0.19, 0, 0, 0, 0, 0, 1.0])
(./分词对照集/新浪新闻训练集/202006231730.txt,[0, 0, 0, 0, 0, 0.12, 0, 0, 0, 0, 0.12, 0, 0, 0, 0.19, 0, 0, 0, 0, 0, 1.0])