0, 0, 0, 0, 0, 0.12, 0, 0, 0, 0, 0, 0, 0, 0, 0, 0, 0, 0, 0, 0, -1.0
0, 0.13, 0, 0.11, 0, 0, 0, 0.05, 0, 0.14, 0, 0.06, 0, 0.07, 0, 0, 0, 0.08, 0, 0.24, -1.0
0, 0, 0, 0, 0, 0.12, 0, 0, 0, 0, 0, 0.06, 0, 0.07, 0, 0, 0, 0, 0, 0.24, -1.0
0, 0.13, 0, 0.11, 0, 0, 0, 0.05, 0, 0.14, 0, 0.06, 0, 0, 0, 0, 0, 0.08, 0, 0.24, -1.0
0, 0.13, 0, 0.11, 0, 0, 0, 0.05, 0, 0.14, 0, 0.06, 0, 0.07, 0, 0, 0, 0.08, 0, 0.24, -1.0
0, 0, 0, 0, 0, 0, 0, 0, 0, 0, 0, 0, 0, 0, 0, 0, 0, 0, 0, 0, -1.0
0, 0, 0, 0, 0, 0, 0, 0, 0, 0, 0, 0, 0, 0, 0, 0, 0, 0, 0, 0, -1.0
0, 0, 0, 0.11, 0, 0, 0, 0, 0, 0.14, 0, 0.06, 0, 0, 0, 0, 0, 0.08, 0, 0.24, -1.0
0, 0, 0, 0.11, 0, 0.12, 0, 0, 0, 0.14, 0, 0, 0, 0.07, 0, 0.09, 0, 0.08, 0, 0.24, -1.0
0, 0, 0, 0.11, 0, 0.12, 0, 0, 0, 0, 0, 0.06, 0, 0.07, 0, 0, 0, 0.08, 0, 0.24, -1.0
0, 0, 0, 0.11, 0, 0, 0, 0, 0, 0, 0, 0, 0, 0.07, 0, 0, 0, 0, 0, 0.24, -1.0
0, 0, 0, 0.11, 0, 0.12, 0, 0, 0, 0.14, 0, 0.06, 0, 0.07, 0, 0, 0, 0, 0, 0.24, -1.0
0, 0, 0, 0.11, 0, 0, 0, 0, 0, 0, 0, 0.06, 0, 0.07, 0, 0, 0, 0, 0, 0.24, -1.0
0, 0, 0, 0.11, 0, 0, 0, 0, 0, 0.14, 0, 0.06, 0, 0, 0, 0, 0, 0, 0, 0.24, -1.0
0, 0, 0, 0, 0, 0, 0, 0, 0, 0, 0, 0, 0, 0, 0.19, 0, 0, 0, 0, 0, 1.0
0, 0, 0, 0.11, 0, 0, 0, 0, 0, 0, 0, 0, 0, 0, 0, 0, 0, 0, 0, 0.24, -1.0
0.11, 0, 0, 0, 0, 0, 0.1, 0, 0, 0, 0, 0, 0.1, 0, 0.19, 0, 0, 0, 0, 0, 1.0
0.11, 0, 0.19, 0, 0.28, 0, 0.1, 0, 0.15, 0, 0, 0, 0.1, 0, 0.19, 0, 0, 0, 0, 0, 1.0
0.11, 0, 0.19, 0, 0, 0, 0.1, 0, 0.15, 0.14, 0, 0, 0.1, 0, 0.19, 0, 0.14, 0.08, 0.07, 0.24, 1.0
0, 0, 0, 0, 0, 0, 0, 0, 0, 0, 0, 0, 0, 0, 0, 0, 0, 0, 0, 0, -1.0
0, 0, 0, 0, 0, 0, 0, 0.05, 0, 0, 0, 0, 0, 0.07, 0, 0, 0, 0, 0, 0, -1.0
0, 0, 0, 0, 0, 0, 0, 0, 0, 0, 0, 0, 0, 0, 0, 0, 0, 0, 0, 0, -1.0
0, 0, 0, 0, 0, 0, 0, 0, 0, 0, 0, 0, 0, 0, 0, 0, 0, 0, 0, 0, -1.0
0, 0, 0, 0.11, 0, 0.12, 0, 0, 0, 0.14, 0, 0, 0, 0.07, 0, 0, 0, 0.08, 0, 0.24, -1.0
0, 0, 0, 0, 0, 0, 0, 0, 0, 0, 0, 0, 0, 0, 0, 0, 0, 0, 0, 0, -1.0
0, 0, 0, 0, 0, 0, 0, 0, 0, 0, 0, 0, 0, 0, 0, 0, 0, 0, 0, 0, -1.0
0, 0, 0, 0, 0, 0, 0, 0, 0, 0.14, 0, 0, 0, 0, 0, 0, 0, 0, 0, 0, -1.0
0, 0, 0, 0, 0, 0, 0, 0, 0, 0, 0, 0, 0, 0, 0, 0, 0, 0, 0, 0, -1.0
0, 0, 0, 0, 0, 0, 0, 0, 0, 0, 0, 0, 0, 0, 0, 0, 0, 0, 0.07, 0, -1.0
0, 0, 0, 0, 0, 0, 0, 0, 0, 0, 0, 0, 0, 0, 0, 0, 0, 0, 0, 0, -1.0
0, 0, 0, 0, 0, 0, 0, 0, 0, 0, 0, 0.06, 0, 0, 0, 0, 0, 0, 0, 0, -1.0
0, 0.13, 0, 0, 0, 0, 0, 0, 0, 0, 0, 0, 0, 0, 0, 0.09, 0, 0, 0, 0, -1.0
0, 0, 0, 0, 0, 0, 0, 0, 0, 0, 0, 0, 0, 0, 0, 0, 0, 0, 0, 0, -1.0
0.11, 0, 0.19, 0, 0, 0, 0.1, 0, 0.15, 0, 0.12, 0, 0, 0, 0.19, 0, 0.14, 0, 0, 0, 1.0
0, 0, 0, 0, 0, 0, 0, 0, 0, 0.14, 0, 0.06, 0, 0.07, 0, 0, 0, 0.08, 0, 0.24, -1.0
0.11, 0, 0, 0.11, 0, 0, 0, 0, 0.15, 0, 0.12, 0.06, 0, 0, 0.19, 0, 0, 0.08, 0, 0.24, 1.0
0.11, 0, 0, 0, 0, 0, 0, 0.05, 0, 0, 0.12, 0, 0, 0, 0.19, 0, 0, 0.08, 0, 0, -1.0
0, 0, 0, 0, 0, 0, 0, 0, 0, 0, 0, 0, 0, 0, 0.19, 0, 0, 0, 0, 0, 1.0
0, 0, 0, 0, 0, 0, 0, 0, 0, 0, 0, 0, 0, 0, 0, 0, 0, 0.08, 0, 0.24, -1.0
0.11, 0, 0, 0, 0, 0, 0, 0, 0.15, 0, 0.12, 0, 0, 0, 0.19, 0, 0, 0, 0.07, 0, 1.0
0.11, 0, 0, 0, 0, 0, 0.1, 0, 0.15, 0, 0.12, 0, 0, 0, 0.19, 0, 0, 0, 0, 0, 1.0
0, 0, 0, 0, 0, 0, 0.1, 0, 0, 0, 0, 0, 0, 0, 0, 0, 0.14, 0.08, 0, 0, 1.0
0, 0, 0.19, 0, 0.28, 0, 0, 0, 0.15, 0, 0, 0, 0, 0, 0.19, 0, 0, 0, 0.07, 0, 1.0
0, 0, 0, 0, 0, 0, 0, 0, 0, 0, 0, 0, 0, 0, 0.19, 0, 0, 0, 0, 0, 1.0
0.11, 0.13, 0.19, 0, 0.28, 0, 0, 0, 0, 0, 0.12, 0.06, 0, 0, 0.19, 0, 0.14, 0, 0, 0.24, 1.0
0, 0, 0, 0.11, 0, 0, 0, 0, 0, 0, 0, 0, 0, 0.07, 0.19, 0, 0, 0, 0, 0.24, 1.0
0.11, 0, 0.19, 0, 0.28, 0, 0, 0, 0, 0, 0.12, 0, 0, 0, 0.19, 0, 0, 0, 0.07, 0, 1.0
0.11, 0, 0, 0, 0, 0, 0, 0, 0, 0.14, 0.12, 0, 0, 0.07, 0.19, 0, 0, 0, 0.07, 0.24, 1.0
0, 0, 0, 0, 0, 0, 0, 0, 0, 0, 0, 0, 0, 0, 0, 0, 0, 0, 0, 0, -1.0
0.11, 0, 0, 0.11, 0, 0, 0, 0.05, 0, 0, 0.12, 0.06, 0, 0, 0.19, 0.09, 0, 0.08, 0, 0.24, -1.0
0.11, 0, 0.19, 0, 0.28, 0, 0.1, 0, 0.15, 0.14, 0.12, 0.06, 0, 0, 0.19, 0, 0.14, 0.08, 0.07, 0, 1.0
0.11, 0.13, 0, 0.11, 0, 0, 0, 0.05, 0, 0.14, 0.12, 0.06, 0, 0.07, 0.19, 0.09, 0, 0.08, 0, 0.24, -1.0
0.11, 0, 0.19, 0.11, 0.28, 0, 0, 0, 0.15, 0, 0.12, 0, 0, 0, 0.19, 0, 0, 0, 0.07, 0.24, 1.0
0, 0, 0, 0, 0, 0, 0, 0, 0, 0.14, 0, 0, 0, 0, 0.19, 0, 0, 0, 0, 0, 1.0
0.11, 0, 0, 0.11, 0, 0, 0, 0, 0.15, 0.14, 0.12, 0, 0, 0.07, 0.19, 0.09, 0, 0, 0, 0.24, 1.0
0, 0, 0, 0, 0, 0, 0, 0, 0, 0, 0, 0, 0, 0, 0.19, 0, 0, 0, 0, 0, 1.0
0.11, 0, 0, 0, 0, 0, 0, 0, 0, 0, 0.12, 0, 0, 0, 0.19, 0, 0, 0, 0, 0, -1.0
0, 0, 0, 0, 0, 0, 0, 0, 0, 0.14, 0, 0, 0, 0, 0, 0, 0, 0, 0, 0, -1.0
0.11, 0, 0, 0, 0, 0, 0.1, 0, 0, 0.14, 0.12, 0.06, 0, 0, 0.19, 0.09, 0, 0.08, 0, 0, 1.0
0.11, 0, 0, 0, 0, 0, 0.1, 0, 0.15, 0.14, 0.12, 0, 0, 0, 0.19, 0, 0.14, 0, 0.07, 0, 1.0
0, 0, 0, 0, 0, 0, 0, 0, 0, 0, 0, 0, 0, 0, 0.19, 0, 0, 0.08, 0, 0.24, 1.0
0, 0, 0, 0.11, 0, 0, 0, 0, 0, 0, 0, 0, 0, 0.07, 0.19, 0, 0, 0, 0, 0, 1.0
0, 0, 0, 0, 0, 0, 0, 0, 0.15, 0, 0, 0, 0, 0, 0.19, 0, 0, 0, 0, 0, 1.0
0, 0.13, 0, 0, 0, 0.12, 0, 0, 0, 0.14, 0, 0, 0, 0, 0.19, 0.09, 0, 0.08, 0, 0.24, -1.0
0.11, 0, 0, 0, 0, 0, 0, 0, 0, 0, 0.12, 0, 0, 0, 0.19, 0, 0, 0.08, 0, 0, -1.0
0.11, 0.13, 0, 0, 0, 0, 0, 0, 0, 0, 0.12, 0, 0, 0, 0.19, 0, 0, 0, 0, 0, -1.0
0, 0, 0, 0, 0, 0, 0, 0, 0, 0.14, 0, 0, 0, 0, 0, 0, 0, 0, 0, 0, -1.0
0, 0, 0, 0, 0, 0, 0, 0, 0, 0, 0, 0, 0, 0, 0, 0, 0, 0, 0, 0, -1.0
0, 0, 0, 0, 0, 0, 0, 0, 0, 0, 0, 0, 0, 0, 0, 0, 0, 0, 0, 0, -1.0
0, 0, 0, 0.11, 0, 0.12, 0, 0, 0, 0.14, 0, 0.06, 0, 0.07, 0.19, 0.09, 0.14, 0.08, 0.07, 0.24, -1.0
0, 0, 0, 0.11, 0, 0, 0, 0, 0, 0, 0, 0, 0, 0, 0, 0, 0, 0, 0, 0.24, -1.0
0.11, 0.13, 0, 0.11, 0, 0.12, 0, 0, 0, 0.14, 0.12, 0, 0, 0.07, 0.19, 0.09, 0, 0.08, 0, 0.24, 1.0
0.11, 0, 0.19, 0.11, 0.28, 0, 0, 0.05, 0, 0.14, 0.12, 0, 0, 0, 0.19, 0.09, 0, 0.08, 0, 0.24, 1.0
0.11, 0, 0, 0.11, 0.28, 0, 0, 0, 0, 0, 0.12, 0.06, 0, 0, 0.19, 0.09, 0, 0.08, 0, 0.24, 1.0
0, 0.13, 0, 0.11, 0, 0.12, 0, 0, 0, 0.14, 0, 0, 0, 0.07, 0.19, 0.09, 0, 0.08, 0, 0.24, 1.0
0.11, 0, 0, 0, 0, 0, 0.1, 0, 0, 0, 0.12, 0, 0, 0, 0.19, 0, 0, 0, 0.07, 0, 1.0
0.11, 0, 0.19, 0.11, 0.28, 0, 0, 0, 0, 0, 0.12, 0, 0, 0, 0.19, 0, 0, 0, 0, 0, 1.0
0.11, 0, 0, 0, 0, 0, 0, 0, 0, 0, 0.12, 0, 0, 0, 0.19, 0, 0, 0.08, 0, 0, 1.0
0.11, 0, 0, 0, 0, 0, 0, 0, 0, 0, 0.12, 0, 0, 0, 0.19, 0, 0, 0, 0, 0.24, 1.0
0, 0, 0, 0, 0, 0, 0, 0, 0, 0, 0, 0, 0, 0, 0, 0, 0, 0, 0, 0, -1.0
0.11, 0, 0, 0, 0, 0, 0.1, 0, 0.15, 0, 0.12, 0, 0, 0, 0.19, 0, 0, 0, 0, 0.24, 1.0
0, 0, 0.19, 0, 0.28, 0, 0, 0, 0.15, 0, 0, 0, 0, 0, 0.19, 0, 0, 0, 0, 0, 1.0
0, 0, 0, 0, 0, 0, 0, 0, 0, 0, 0, 0, 0, 0, 0, 0, 0, 0, 0, 0, -1.0
0.11, 0, 0, 0.11, 0, 0.12, 0, 0, 0.15, 0, 0.12, 0, 0, 0, 0.19, 0, 0.14, 0.08, 0, 0, 1.0
0.11, 0, 0.19, 0, 0.28, 0, 0, 0, 0, 0, 0.12, 0, 0, 0.07, 0.19, 0, 0, 0, 0.07, 0, 1.0
0, 0, 0, 0.11, 0, 0.12, 0, 0.05, 0, 0.14, 0, 0, 0, 0.07, 0.19, 0.09, 0, 0.08, 0, 0.24, -1.0
0.11, 0, 0, 0, 0, 0, 0, 0, 0.15, 0, 0.12, 0, 0, 0, 0.19, 0, 0, 0, 0, 0, 1.0
0.11, 0, 0, 0.11, 0, 0, 0, 0, 0, 0.14, 0.12, 0, 0, 0.07, 0.19, 0, 0.14, 0, 0, 0.24, 1.0
0.11, 0, 0, 0.11, 0, 0, 0, 0, 0, 0, 0.12, 0, 0, 0, 0.19, 0, 0, 0, 0.07, 0.24, 1.0
0, 0, 0, 0, 0, 0, 0, 0, 0.15, 0, 0, 0, 0, 0, 0.19, 0, 0, 0, 0.07, 0, 1.0
0, 0, 0, 0, 0, 0, 0, 0, 0, 0, 0, 0, 0, 0, 0.19, 0, 0, 0, 0, 0, 1.0
0.11, 0, 0, 0.11, 0, 0, 0, 0, 0, 0.14, 0.12, 0, 0, 0, 0.19, 0, 0, 0, 0, 0.24, 1.0
0, 0, 0, 0.11, 0, 0.12, 0, 0, 0, 0.14, 0, 0.06, 0, 0, 0, 0.09, 0, 0.08, 0, 0.24, -1.0
0.11, 0, 0, 0, 0, 0.12, 0, 0, 0, 0.14, 0, 0.06, 0.1, 0, 0.19, 0.09, 0, 0.08, 0, 0.24, 1.0
0, 0, 0, 0, 0, 0.12, 0, 0, 0, 0, 0, 0, 0, 0, 0.19, 0, 0, 0, 0, 0, 1.0
0.11, 0, 0, 0, 0, 0.12, 0, 0, 0, 0.14, 0.12, 0, 0, 0, 0.19, 0, 0, 0.08, 0, 0, 1.0
0.11, 0, 0, 0, 0, 0, 0, 0, 0, 0, 0.12, 0, 0, 0, 0.19, 0, 0, 0.08, 0.07, 0.24, 1.0
0, 0, 0, 0.11, 0, 0.12, 0, 0.05, 0, 0.14, 0, 0, 0, 0.07, 0, 0.09, 0, 0.08, 0, 0.24, -1.0
0, 0, 0, 0.11, 0, 0.12, 0, 0.05, 0, 0.14, 0, 0, 0, 0.07, 0.19, 0.09, 0, 0.08, 0, 0.24, -1.0
0, 0.13, 0, 0, 0, 0, 0, 0, 0, 0.14, 0, 0, 0, 0, 0, 0, 0, 0, 0, 0.24, -1.0
0, 0, 0, 0, 0, 0, 0, 0, 0, 0, 0, 0, 0, 0, 0, 0, 0, 0, 0, 0, 1.0
0, 0, 0, 0, 0, 0, 0, 0, 0, 0, 0, 0, 0, 0, 0.19, 0.09, 0, 0.08, 0, 0.24, -1.0
0.11, 0.13, 0, 0.11, 0, 0, 0, 0.05, 0, 0.14, 0.12, 0, 0, 0.07, 0.19, 0.09, 0, 0, 0, 0.24, -1.0
0, 0, 0, 0, 0, 0, 0, 0, 0, 0, 0, 0, 0, 0, 0.19, 0, 0, 0, 0, 0, 1.0
0.11, 0, 0, 0.11, 0, 0, 0, 0, 0, 0, 0.12, 0, 0, 0, 0.19, 0, 0, 0, 0, 0.24, 1.0
0.11, 0, 0, 0, 0, 0, 0, 0, 0.15, 0, 0.12, 0, 0, 0, 0.19, 0, 0, 0, 0, 0.24, 1.0
0.11, 0, 0, 0.11, 0, 0.12, 0, 0, 0, 0.14, 0.12, 0, 0, 0.07, 0.19, 0, 0, 0, 0, 0.24, 1.0
0, 0, 0, 0, 0, 0, 0, 0, 0, 0.14, 0, 0.06, 0, 0.07, 0, 0, 0, 0.08, 0, 0.24, 1.0
0.11, 0, 0.19, 0.11, 0, 0, 0.1, 0, 0, 0, 0.12, 0, 0, 0.07, 0.19, 0, 0, 0, 0, 0, 1.0
0.11, 0.13, 0, 0.11, 0, 0.12, 0, 0.05, 0, 0.14, 0.12, 0, 0, 0.07, 0.19, 0.09, 0, 0, 0, 0.24, -1.0
0, 0.13, 0, 0.11, 0, 0, 0, 0, 0, 0, 0, 0.06, 0, 0.07, 0.19, 0, 0, 0, 0, 0, -1.0
0, 0, 0, 0, 0, 0, 0, 0, 0.15, 0, 0, 0.06, 0, 0, 0, 0, 0, 0, 0, 0, 1.0
0, 0, 0, 0, 0, 0, 0, 0, 0, 0, 0, 0, 0, 0, 0.19, 0, 0, 0.08, 0, 0, -1.0
0.11, 0, 0, 0.11, 0, 0, 0, 0, 0, 0.14, 0.12, 0.06, 0, 0, 0.19, 0, 0, 0.08, 0, 0.24, 1.0
0, 0.13, 0, 0.11, 0, 0, 0, 0, 0, 0, 0, 0.06, 0, 0.07, 0.19, 0, 0, 0, 0, 0, -1.0
0, 0, 0, 0, 0, 0, 0, 0, 0, 0, 0, 0.06, 0, 0, 0, 0, 0, 0, 0, 0, 1.0
0, 0, 0, 0, 0, 0, 0, 0, 0, 0, 0, 0, 0, 0, 0, 0, 0, 0.08, 0, 0, -1.0
0, 0, 0, 0, 0, 0, 0, 0, 0, 0, 0, 0, 0, 0, 0.19, 0, 0, 0, 0, 0, 1.0
0, 0, 0.19, 0, 0.28, 0, 0.1, 0, 0, 0, 0, 0, 0, 0, 0.19, 0, 0.14, 0, 0.07, 0, 1.0
0.11, 0, 0.19, 0.11, 0, 0, 0, 0, 0, 0.14, 0.12, 0, 0.1, 0.07, 0.19, 0, 0, 0.08, 0.07, 0, -1.0
0.11, 0, 0, 0, 0, 0, 0, 0, 0, 0, 0.12, 0, 0, 0, 0.19, 0, 0, 0, 0, 0, 1.0
0.11, 0, 0, 0, 0.28, 0, 0, 0, 0, 0, 0.12, 0, 0, 0, 0.19, 0, 0.14, 0, 0.07, 0, 1.0
0.11, 0, 0, 0, 0, 0, 0, 0, 0, 0, 0.12, 0, 0, 0, 0.19, 0, 0, 0, 0, 0.24, 1.0
0, 0, 0, 0, 0, 0, 0, 0, 0, 0, 0, 0, 0, 0, 0.19, 0, 0, 0, 0, 0, 1.0
0, 0, 0, 0.11, 0, 0, 0, 0, 0, 0, 0, 0, 0, 0, 0.19, 0, 0, 0.08, 0, 0.24, 1.0
0.11, 0, 0, 0.11, 0, 0, 0, 0, 0, 0, 0.12, 0, 0, 0, 0.19, 0, 0, 0, 0, 0, 1.0
0.11, 0, 0, 0, 0, 0, 0, 0, 0, 0, 0.12, 0, 0, 0, 0.19, 0, 0, 0, 0, 0.24, 1.0
0.11, 0, 0, 0, 0, 0.12, 0, 0, 0, 0.14, 0.12, 0, 0, 0, 0.19, 0, 0, 0, 0, 0, -1.0
0.11, 0, 0, 0, 0, 0, 0, 0, 0.15, 0, 0.12, 0, 0, 0, 0.19, 0, 0.14, 0.08, 0.07, 0, 1.0
0.11, 0, 0, 0, 0, 0.12, 0, 0, 0.15, 0, 0.12, 0, 0, 0, 0.19, 0, 0, 0.08, 0, 0.24, 1.0
0, 0, 0, 0, 0, 0, 0, 0, 0, 0, 0, 0, 0, 0, 0, 0, 0, 0, 0, 0, -1.0
0, 0, 0, 0, 0, 0, 0, 0, 0, 0.14, 0, 0, 0, 0, 0.19, 0, 0, 0, 0, 0, 1.0
0.11, 0, 0, 0, 0, 0, 0.1, 0, 0, 0, 0.12, 0, 0, 0, 0.19, 0, 0, 0, 0, 0, 1.0
0, 0, 0, 0, 0, 0, 0, 0, 0, 0, 0, 0, 0, 0, 0.19, 0, 0, 0, 0, 0, -1.0
0.11, 0, 0, 0, 0.28, 0, 0, 0, 0.15, 0, 0.12, 0, 0.1, 0, 0.19, 0, 0, 0.08, 0.07, 0.24, 1.0
0, 0, 0, 0, 0, 0.12, 0, 0, 0, 0.14, 0, 0, 0, 0, 0, 0, 0, 0.08, 0, 0, -1.0
0.11, 0, 0, 0, 0, 0, 0, 0, 0, 0.14, 0.12, 0, 0, 0, 0.19, 0, 0.14, 0, 0, 0, 1.0
0, 0, 0, 0, 0, 0.12, 0, 0, 0, 0, 0, 0, 0, 0, 0.19, 0, 0, 0.08, 0, 0.24, -1.0
0, 0, 0, 0, 0, 0.12, 0, 0, 0, 0.14, 0, 0.06, 0, 0, 0, 0, 0, 0, 0, 0.24, -1.0
0, 0, 0, 0, 0, 0, 0, 0, 0, 0, 0, 0, 0, 0, 0, 0, 0, 0, 0, 0, -1.0
0, 0, 0, 0, 0, 0, 0, 0, 0, 0, 0, 0, 0, 0, 0, 0, 0, 0, 0, 0, -1.0
0, 0.13, 0, 0.11, 0, 0, 0, 0, 0, 0, 0, 0, 0, 0, 0, 0.09, 0, 0, 0, 0.24, -1.0
0, 0, 0, 0, 0, 0, 0, 0, 0, 0, 0, 0, 0, 0, 0.19, 0.09, 0, 0.08, 0, 0.24, -1.0
0, 0, 0, 0.11, 0, 0, 0, 0, 0, 0, 0, 0, 0, 0, 0, 0, 0, 0, 0, 0.24, -1.0
0.11, 0, 0.19, 0, 0.28, 0.12, 0, 0, 0, 0, 0.12, 0, 0, 0, 0.19, 0, 0, 0, 0, 0, 1.0
0, 0, 0, 0, 0, 0.12, 0, 0, 0, 0, 0, 0, 0, 0.07, 0.19, 0.09, 0, 0, 0, 0, -1.0
0, 0, 0, 0, 0, 0, 0, 0, 0, 0.14, 0, 0, 0, 0.07, 0, 0, 0, 0.08, 0, 0.24, -1.0
0.11, 0, 0, 0.11, 0, 0, 0, 0.05, 0.15, 0, 0.12, 0.06, 0, 0.07, 0.19, 0, 0.14, 0, 0.07, 0.24, 1.0
0, 0, 0, 0.11, 0, 0.12, 0, 0.05, 0, 0.14, 0, 0.06, 0, 0, 0.19, 0.09, 0, 0.08, 0, 0.24, -1.0
0.11, 0, 0, 0, 0, 0, 0, 0, 0, 0, 0.12, 0, 0, 0, 0.19, 0.09, 0, 0, 0, 0, -1.0
0, 0, 0, 0, 0, 0, 0, 0, 0.15, 0, 0, 0, 0, 0, 0, 0, 0, 0, 0, 0.24, 1.0
0, 0.13, 0, 0, 0, 0, 0, 0, 0, 0, 0, 0.06, 0, 0, 0, 0, 0, 0.08, 0, 0, -1.0
0.11, 0, 0, 0.11, 0, 0.12, 0, 0.05, 0, 0.14, 0, 0, 0, 0.07, 0.19, 0.09, 0, 0.08, 0, 0.24, -1.0
0, 0, 0, 0, 0, 0.12, 0, 0, 0, 0, 0, 0, 0, 0, 0.19, 0, 0, 0.08, 0, 0, -1.0
0, 0, 0, 0.11, 0, 0, 0, 0, 0, 0, 0, 0, 0, 0, 0, 0.09, 0, 0, 0, 0.24, -1.0
0, 0, 0, 0, 0, 0.12, 0, 0, 0, 0.14, 0, 0, 0, 0.07, 0, 0, 0.14, 0, 0, 0.24, -1.0
0, 0.13, 0, 0, 0, 0, 0, 0, 0, 0.14, 0, 0.06, 0, 0, 0, 0.09, 0, 0.08, 0, 0, -1.0
0, 0, 0, 0, 0, 0.12, 0, 0, 0, 0.14, 0, 0, 0, 0, 0, 0, 0, 0, 0, 0, -1.0
0, 0, 0, 0, 0, 0, 0, 0, 0, 0, 0, 0, 0, 0, 0, 0, 0, 0, 0, 0, -1.0
0, 0.13, 0, 0.11, 0, 0, 0, 0.05, 0, 0.14, 0, 0.06, 0, 0.07, 0, 0.09, 0, 0.08, 0, 0.24, -1.0
0.11, 0.13, 0, 0.11, 0, 0.12, 0, 0.05, 0, 0.14, 0.12, 0.06, 0, 0.07, 0.19, 0.09, 0, 0.08, 0, 0.24, -1.0
0, 0.13, 0, 0, 0, 0, 0, 0, 0, 0.14, 0, 0, 0, 0, 0, 0.09, 0, 0, 0, 0.24, 1.0
0.11, 0, 0, 0.11, 0, 0, 0, 0.05, 0, 0.14, 0.12, 0.06, 0, 0.07, 0.19, 0.09, 0, 0.08, 0, 0.24, -1.0
0, 0, 0, 0, 0, 0, 0, 0, 0, 0, 0, 0, 0, 0, 0, 0, 0, 0, 0, 0, -1.0
0, 0.13, 0, 0.11, 0, 0, 0, 0.05, 0, 0.14, 0, 0.06, 0, 0.07, 0, 0.09, 0, 0.08, 0, 0.24, -1.0
0, 0.13, 0, 0.11, 0, 0.12, 0, 0.05, 0, 0.14, 0, 0.06, 0, 0.07, 0, 0.09, 0, 0.08, 0, 0.24, -1.0
0.11, 0, 0, 0, 0, 0, 0, 0, 0, 0, 0.12, 0, 0, 0, 0.19, 0, 0, 0, 0, 0, -1.0
0, 0, 0, 0.11, 0, 0, 0, 0, 0, 0.14, 0, 0, 0, 0, 0.19, 0, 0, 0.08, 0, 0, 1.0
0.11, 0, 0, 0, 0, 0.12, 0.1, 0, 0, 0.14, 0, 0, 0.1, 0, 0.19, 0, 0, 0.08, 0, 0.24, -1.0
0, 0, 0, 0, 0, 0, 0, 0, 0, 0.14, 0, 0.06, 0, 0.07, 0, 0, 0, 0.08, 0, 0.24, -1.0
0, 0, 0, 0, 0, 0, 0, 0, 0, 0, 0, 0, 0, 0, 0, 0, 0, 0, 0, 0, -1.0
0, 0.13, 0, 0, 0, 0, 0, 0, 0, 0.14, 0, 0, 0, 0.07, 0, 0.09, 0, 0.08, 0, 0.24, -1.0
0, 0, 0, 0, 0, 0, 0, 0, 0, 0, 0, 0, 0, 0.07, 0.19, 0, 0, 0, 0, 0.24, -1.0
0, 0, 0, 0, 0, 0, 0, 0, 0, 0, 0, 0, 0, 0, 0, 0, 0, 0, 0, 0, -1.0
0, 0, 0, 0.11, 0, 0, 0, 0, 0, 0, 0, 0, 0, 0, 0, 0.09, 0, 0, 0, 0.24, -1.0
0, 0, 0, 0, 0, 0.12, 0, 0, 0, 0, 0, 0, 0, 0, 0, 0, 0, 0, 0, 0, -1.0
0, 0, 0, 0.11, 0, 0, 0, 0.05, 0, 0, 0, 0, 0, 0.07, 0, 0.09, 0, 0, 0, 0.24, -1.0
0, 0, 0, 0, 0, 0, 0, 0, 0, 0, 0, 0, 0, 0, 0, 0, 0, 0.08, 0, 0, -1.0
0, 0, 0, 0, 0, 0.12, 0, 0, 0, 0, 0, 0, 0, 0, 0, 0, 0, 0, 0, 0, -1.0
0.11, 0.13, 0, 0, 0, 0, 0, 0, 0, 0.14, 0.12, 0, 0, 0.07, 0.19, 0, 0, 0, 0, 0.24, -1.0
0, 0, 0, 0, 0, 0, 0, 0, 0, 0, 0, 0, 0, 0, 0, 0, 0, 0, 0, 0.24, -1.0
0.11, 0, 0, 0.11, 0, 0.12, 0, 0, 0, 0, 0.12, 0, 0, 0, 0.19, 0, 0, 0, 0, 0.24, 1.0
0.11, 0.13, 0, 0.11, 0, 0.12, 0, 0.05, 0, 0.14, 0.12, 0.06, 0, 0, 0.19, 0.09, 0, 0.08, 0, 0.24, -1.0
0.11, 0, 0, 0.11, 0, 0, 0, 0, 0, 0.14, 0.12, 0, 0, 0, 0.19, 0, 0, 0, 0, 0.24, 1.0
0, 0, 0, 0.11, 0, 0, 0, 0, 0, 0, 0, 0, 0, 0, 0, 0, 0, 0, 0, 0.24, -1.0
0.11, 0, 0, 0.11, 0, 0, 0, 0, 0, 0, 0.12, 0, 0, 0.07, 0.19, 0, 0, 0.08, 0, 0.24, -1.0
0, 0.13, 0, 0.11, 0, 0.12, 0, 0.05, 0, 0.14, 0, 0.06, 0, 0, 0, 0.09, 0, 0.08, 0, 0.24, -1.0
0, 0, 0, 0, 0, 0, 0, 0, 0, 0, 0, 0.06, 0, 0, 0.19, 0, 0, 0.08, 0, 0.24, -1.0
0, 0, 0, 0.11, 0, 0.12, 0, 0, 0, 0.14, 0, 0.06, 0, 0, 0.19, 0, 0, 0.08, 0, 0.24, -1.0
0, 0, 0, 0.11, 0, 0, 0, 0, 0, 0.14, 0, 0.06, 0, 0, 0, 0, 0, 0, 0, 0.24, -1.0
0.11, 0.13, 0, 0.11, 0, 0.12, 0, 0.05, 0, 0.14, 0.12, 0.06, 0, 0, 0.19, 0.09, 0, 0.08, 0, 0.24, -1.0
0.11, 0, 0, 0.11, 0, 0, 0, 0, 0.15, 0.14, 0.12, 0, 0, 0, 0.19, 0, 0, 0, 0, 0.24, 1.0
0, 0, 0, 0.11, 0, 0.12, 0, 0, 0, 0, 0, 0, 0, 0, 0, 0, 0, 0, 0, 0, -1.0
0, 0, 0, 0, 0, 0, 0, 0, 0, 0, 0, 0.06, 0, 0, 0, 0, 0, 0.08, 0, 0, -1.0
0.11, 0, 0, 0, 0, 0, 0, 0, 0, 0, 0.12, 0, 0, 0, 0.19, 0, 0, 0, 0, 0.24, -1.0
0, 0.13, 0, 0.11, 0, 0.12, 0, 0.05, 0, 0.14, 0, 0.06, 0, 0, 0, 0.09, 0, 0.08, 0, 0.24, -1.0
0, 0, 0, 0.11, 0, 0, 0, 0, 0, 0, 0, 0, 0, 0, 0, 0, 0, 0, 0, 0.24, -1.0
0.11, 0, 0, 0.11, 0, 0, 0, 0, 0, 0.14, 0.12, 0, 0, 0, 0.19, 0, 0, 0, 0, 0.24, 1.0
0.11, 0, 0, 0.11, 0, 0, 0, 0, 0, 0, 0.12, 0, 0, 0, 0.19, 0, 0.14, 0, 0, 0.24, 1.0
0, 0, 0, 0, 0, 0, 0, 0, 0.15, 0, 0, 0, 0, 0, 0.19, 0, 0, 0, 0, 0, 1.0
0, 0.13, 0, 0, 0, 0, 0, 0.05, 0, 0.14, 0, 0, 0, 0.07, 0, 0, 0, 0, 0, 0.24, -1.0
0, 0, 0, 0, 0, 0, 0, 0, 0, 0, 0, 0, 0, 0, 0, 0, 0, 0, 0, 0, -1.0
0.11, 0, 0, 0, 0.28, 0, 0, 0, 0.15, 0, 0, 0, 0, 0, 0, 0, 0, 0, 0, 0, 1.0
0.11, 0, 0, 0, 0.28, 0, 0.1, 0, 0.15, 0, 0, 0, 0, 0, 0.19, 0, 0.14, 0, 0.07, 0, 1.0
0.11, 0, 0, 0, 0.28, 0, 0, 0, 0.15, 0, 0, 0, 0, 0, 0, 0, 0, 0, 0, 0, 1.0
0.11, 0, 0, 0, 0.28, 0, 0.1, 0, 0.15, 0, 0, 0, 0.1, 0, 0.19, 0, 0.14, 0, 0, 0, 1.0
0.11, 0, 0, 0, 0.28, 0, 0.1, 0, 0.15, 0, 0, 0, 0.1, 0, 0, 0, 0.14, 0, 0.07, 0, 1.0
0.11, 0, 0, 0, 0.28, 0, 0.1, 0, 0, 0, 0, 0, 0.1, 0, 0, 0, 0.14, 0, 0.07, 0, 1.0
0.11, 0, 0, 0, 0.28, 0, 0.1, 0, 0.15, 0, 0, 0, 0.1, 0, 0.19, 0, 0.14, 0, 0.07, 0, 1.0
0, 0, 0, 0, 0, 0, 0, 0, 0.15, 0, 0, 0, 0, 0, 0, 0, 0, 0, 0, 0, 1.0
0.11, 0, 0, 0, 0, 0, 0, 0, 0.15, 0, 0, 0, 0.1, 0, 0.19, 0, 0, 0, 0, 0, 1.0
0.11, 0, 0.19, 0, 0.28, 0, 0.1, 0, 0.15, 0, 0, 0, 0.1, 0, 0.19, 0, 0.14, 0, 0.07, 0, 1.0
0.11, 0, 0.19, 0, 0.28, 0, 0.1, 0, 0.15, 0, 0, 0, 0.1, 0, 0, 0, 0, 0, 0, 0, 1.0
0.11, 0, 0.19, 0, 0.28, 0, 0.1, 0, 0.15, 0, 0, 0, 0.1, 0, 0.19, 0, 0.14, 0, 0.07, 0, 1.0
0.11, 0, 0, 0, 0.28, 0, 0.1, 0, 0.15, 0, 0, 0, 0.1, 0, 0, 0, 0.14, 0, 0, 0, 1.0
0.11, 0, 0.19, 0, 0.28, 0, 0.1, 0, 0.15, 0, 0, 0, 0.1, 0, 0.19, 0, 0.14, 0, 0.07, 0, 1.0
0.11, 0, 0.19, 0, 0.28, 0, 0.1, 0, 0.15, 0, 0, 0, 0.1, 0, 0, 0, 0.14, 0, 0.07, 0, 1.0
0.11, 0, 0, 0, 0, 0, 0.1, 0, 0, 0, 0, 0, 0.1, 0, 0.19, 0, 0.14, 0, 0, 0, 1.0
0.11, 0, 0, 0, 0.28, 0, 0, 0, 0.15, 0, 0, 0, 0.1, 0, 0, 0, 0.14, 0, 0.07, 0, 1.0
0.11, 0, 0, 0, 0, 0, 0.1, 0, 0.15, 0, 0, 0, 0.1, 0, 0.19, 0, 0, 0, 0, 0, 1.0
0.11, 0, 0, 0, 0, 0, 0.1, 0, 0, 0, 0, 0, 0.1, 0, 0.19, 0, 0, 0, 0, 0, 1.0
0.11, 0, 0, 0, 0, 0, 0.1, 0, 0.15, 0, 0, 0, 0.1, 0, 0.19, 0, 0.14, 0, 0.07, 0, 1.0
0.11, 0, 0.19, 0, 0.28, 0, 0.1, 0, 0.15, 0, 0, 0, 0.1, 0, 0, 0, 0.14, 0, 0.07, 0, 1.0
0.11, 0, 0.19, 0, 0.28, 0, 0.1, 0, 0.15, 0, 0, 0, 0.1, 0, 0.19, 0, 0.14, 0, 0.07, 0, 1.0
0.11, 0, 0.19, 0, 0, 0, 0.1, 0, 0, 0, 0, 0, 0.1, 0, 0.19, 0, 0.14, 0, 0, 0, 1.0
0.11, 0, 0.19, 0, 0.28, 0, 0, 0, 0.15, 0, 0, 0, 0.1, 0, 0.19, 0, 0.14, 0, 0.07, 0, 1.0
0.11, 0, 0.19, 0, 0.28, 0, 0.1, 0, 0.15, 0, 0, 0, 0.1, 0, 0.19, 0, 0.14, 0, 0.07, 0, 1.0
0.11, 0, 0, 0, 0, 0, 0, 0, 0, 0, 0, 0, 0, 0, 0, 0, 0, 0, 0, 0, 1.0
0.11, 0, 0.19, 0, 0.28, 0, 0.1, 0, 0, 0, 0, 0, 0.1, 0, 0, 0, 0, 0, 0.07, 0, 1.0
0.11, 0, 0.19, 0, 0.28, 0, 0.1, 0, 0.15, 0, 0, 0, 0.1, 0, 0.19, 0, 0.14, 0, 0.07, 0, 1.0
0.11, 0, 0.19, 0, 0.28, 0, 0.1, 0, 0, 0, 0, 0, 0.1, 0, 0, 0, 0.14, 0, 0.07, 0, 1.0
0.11, 0, 0.19, 0, 0.28, 0, 0.1, 0, 0.15, 0, 0, 0, 0.1, 0, 0, 0, 0.14, 0, 0.07, 0, 1.0
0.11, 0, 0.19, 0, 0.28, 0, 0.1, 0, 0.15, 0, 0, 0, 0.1, 0, 0, 0, 0.14, 0, 0.07, 0, 1.0
0, 0, 0, 0, 0.28, 0, 0.1, 0, 0.15, 0, 0, 0, 0.1, 0, 0.19, 0, 0, 0, 0, 0, 1.0
0.11, 0, 0.19, 0, 0.28, 0, 0.1, 0, 0.15, 0, 0, 0, 0.1, 0, 0, 0, 0, 0, 0, 0, 1.0
0.11, 0, 0.19, 0, 0.28, 0, 0.1, 0, 0, 0, 0, 0, 0.1, 0, 0, 0, 0, 0, 0, 0, 1.0
0.11, 0, 0, 0, 0.28, 0, 0.1, 0, 0.15, 0, 0, 0, 0.1, 0, 0.19, 0, 0, 0, 0, 0, 1.0
0.11, 0, 0.19, 0, 0, 0, 0, 0, 0, 0, 0, 0, 0, 0, 0.19, 0, 0, 0, 0, 0, 1.0
0.11, 0, 0, 0, 0.28, 0, 0.1, 0, 0.15, 0, 0, 0, 0.1, 0, 0, 0, 0.14, 0, 0, 0, 1.0
0.11, 0, 0.19, 0, 0.28, 0, 0.1, 0, 0.15, 0, 0, 0, 0.1, 0, 0, 0, 0, 0, 0, 0, 1.0
0, 0, 0, 0, 0, 0, 0, 0, 0, 0, 0, 0, 0, 0, 0, 0, 0, 0, 0, 0, 1.0
0.11, 0, 0.19, 0, 0.28, 0, 0.1, 0, 0.15, 0, 0, 0, 0.1, 0, 0.19, 0, 0.14, 0, 0.07, 0, 1.0
0, 0, 0, 0, 0, 0, 0, 0, 0, 0, 0.12, 0, 0.1, 0, 0.19, 0, 0, 0, 0, 0, 1.0
0.11, 0, 0, 0, 0, 0, 0, 0, 0.15, 0, 0.12, 0, 0, 0, 0, 0, 0.14, 0, 0.07, 0, 1.0
0, 0, 0, 0, 0, 0, 0, 0, 0, 0, 0, 0, 0, 0, 0, 0, 0, 0, 0, 0, 1.0
0, 0, 0, 0, 0, 0, 0.1, 0, 0, 0, 0, 0, 0, 0, 0, 0, 0, 0, 0.07, 0, 1.0
0, 0, 0.19, 0, 0.28, 0, 0.1, 0, 0.15, 0, 0, 0, 0.1, 0, 0.19, 0, 0.14, 0, 0, 0, 1.0
0.11, 0, 0, 0, 0, 0, 0, 0, 0, 0, 0.12, 0, 0, 0, 0.19, 0, 0.14, 0, 0, 0, 1.0
0.11, 0, 0, 0, 0, 0, 0.1, 0, 0, 0, 0, 0, 0.1, 0, 0.19, 0, 0, 0, 0, 0, 1.0
0, 0, 0, 0, 0, 0, 0, 0, 0, 0, 0, 0, 0, 0, 0.19, 0, 0, 0, 0, 0, 1.0
0, 0, 0.19, 0, 0, 0, 0, 0, 0, 0, 0, 0, 0.1, 0, 0.19, 0, 0.14, 0, 0, 0, 1.0
0, 0, 0, 0, 0, 0, 0, 0, 0, 0, 0, 0, 0, 0, 0.19, 0, 0, 0, 0, 0, 1.0
0, 0, 0, 0, 0, 0, 0, 0, 0.15, 0, 0, 0, 0, 0, 0, 0, 0, 0, 0, 0, 1.0
0, 0, 0, 0, 0, 0, 0, 0, 0, 0, 0, 0, 0, 0, 0.19, 0, 0, 0, 0, 0, 1.0
0, 0, 0, 0, 0, 0, 0, 0, 0, 0, 0, 0, 0, 0, 0, 0, 0, 0, 0, 0, 1.0
0, 0, 0, 0, 0, 0, 0, 0, 0, 0, 0, 0, 0, 0, 0.19, 0, 0, 0, 0.07, 0, 1.0
0, 0, 0.19, 0, 0.28, 0, 0.1, 0, 0.15, 0, 0, 0, 0.1, 0, 0.19, 0, 0.14, 0, 0, 0, 1.0
0, 0, 0, 0, 0, 0, 0, 0, 0, 0, 0, 0, 0.1, 0, 0.19, 0, 0, 0, 0, 0, 1.0
0, 0, 0, 0, 0, 0, 0, 0, 0, 0, 0, 0, 0, 0, 0.19, 0, 0.14, 0, 0, 0, 1.0
0.11, 0, 0.19, 0, 0.28, 0, 0.1, 0, 0, 0, 0, 0, 0.1, 0, 0, 0, 0, 0, 0.07, 0, 1.0
0, 0, 0, 0, 0, 0, 0, 0, 0, 0, 0, 0, 0, 0, 0, 0, 0, 0, 0, 0, 1.0
0.11, 0, 0, 0, 0, 0, 0, 0, 0.15, 0, 0.12, 0, 0, 0, 0, 0, 0.14, 0, 0, 0, 1.0
0, 0, 0, 0, 0, 0, 0, 0, 0, 0, 0, 0, 0, 0, 0, 0, 0, 0, 0, 0, 1.0
0.11, 0, 0.19, 0, 0.28, 0, 0.1, 0, 0.15, 0, 0.12, 0, 0.1, 0, 0.19, 0, 0.14, 0, 0, 0.24, 1.0
0, 0, 0.19, 0, 0.28, 0, 0, 0, 0, 0, 0, 0, 0.1, 0, 0.19, 0, 0, 0, 0.07, 0, 1.0
0.11, 0, 0.19, 0, 0.28, 0, 0.1, 0, 0, 0, 0, 0, 0.1, 0, 0.19, 0, 0, 0, 0, 0, 1.0
0, 0, 0, 0, 0, 0, 0, 0, 0, 0, 0, 0, 0, 0, 0, 0, 0, 0, 0, 0, 1.0
0, 0, 0, 0, 0, 0, 0, 0, 0, 0, 0, 0, 0, 0, 0.19, 0, 0, 0, 0, 0, 1.0
0, 0, 0, 0, 0, 0, 0, 0, 0, 0, 0, 0, 0, 0, 0, 0, 0, 0, 0, 0, 1.0
0, 0, 0.19, 0, 0.28, 0, 0.1, 0, 0, 0, 0, 0, 0.1, 0, 0, 0, 0.14, 0, 0, 0, 1.0
0.11, 0, 0.19, 0, 0.28, 0, 0, 0, 0.15, 0, 0, 0, 0, 0, 0.19, 0, 0, 0, 0, 0, 1.0
0, 0, 0, 0, 0, 0, 0, 0, 0, 0, 0, 0, 0, 0, 0.19, 0, 0, 0, 0, 0, 1.0
0, 0, 0.19, 0, 0.28, 0, 0.1, 0, 0, 0, 0, 0, 0, 0, 0, 0, 0.14, 0, 0, 0, 1.0
0, 0, 0, 0, 0, 0, 0, 0, 0, 0, 0, 0, 0, 0, 0.19, 0, 0, 0, 0, 0, 1.0
0.11, 0, 0, 0, 0, 0, 0, 0, 0, 0, 0, 0, 0, 0, 0.19, 0, 0, 0, 0, 0, 1.0
0.11, 0, 0, 0, 0.28, 0, 0.1, 0, 0, 0, 0.12, 0, 0, 0, 0, 0, 0, 0, 0.07, 0, 1.0
0.11, 0, 0, 0, 0, 0, 0, 0, 0, 0, 0, 0, 0.1, 0, 0.19, 0, 0, 0, 0, 0, 1.0
0, 0, 0, 0, 0, 0, 0, 0, 0, 0, 0, 0, 0.1, 0, 0, 0, 0, 0, 0, 0, 1.0
0, 0, 0, 0, 0, 0, 0, 0, 0, 0, 0, 0, 0, 0, 0.19, 0, 0, 0, 0, 0, 1.0
0, 0, 0, 0, 0, 0, 0.1, 0, 0, 0, 0, 0, 0, 0, 0.19, 0, 0.14, 0, 0, 0, 1.0
0, 0, 0.19, 0, 0.28, 0, 0, 0, 0, 0, 0, 0, 0, 0, 0.19, 0, 0, 0, 0, 0, 1.0
0.11, 0, 0.19, 0, 0.28, 0, 0, 0, 0, 0, 0.12, 0, 0, 0, 0, 0, 0, 0, 0, 0, 1.0
0.11, 0, 0.19, 0, 0.28, 0, 0, 0, 0, 0, 0.12, 0, 0, 0, 0.19, 0, 0, 0, 0, 0, 1.0
0.11, 0, 0, 0, 0, 0, 0, 0, 0, 0, 0.12, 0, 0, 0, 0, 0, 0, 0, 0, 0, 1.0
0, 0, 0, 0, 0, 0, 0.1, 0, 0, 0, 0, 0, 0, 0, 0, 0, 0, 0, 0, 0, -1.0
0.11, 0, 0.19, 0, 0.28, 0, 0.1, 0, 0.15, 0, 0.12, 0, 0, 0, 0.19, 0, 0, 0.08, 0.07, 0, 1.0
0, 0, 0, 0, 0, 0, 0, 0, 0, 0, 0, 0, 0, 0, 0, 0, 0, 0, 0, 0, 1.0
0, 0, 0, 0, 0, 0, 0, 0, 0, 0, 0, 0, 0, 0, 0.19, 0, 0, 0, 0, 0, 1.0
0.11, 0, 0, 0, 0, 0, 0.1, 0, 0, 0, 0.12, 0, 0, 0, 0.19, 0, 0, 0, 0, 0, 1.0
0, 0, 0, 0, 0, 0, 0, 0, 0, 0, 0, 0, 0, 0, 0.19, 0, 0, 0, 0, 0, 1.0
0, 0, 0, 0, 0, 0, 0, 0, 0.15, 0, 0, 0, 0, 0, 0.19, 0, 0, 0, 0, 0.24, 1.0
0.11, 0, 0.19, 0, 0.28, 0, 0, 0, 0.15, 0, 0, 0, 0, 0, 0, 0, 0, 0, 0, 0, 1.0
0, 0, 0, 0, 0, 0, 0.1, 0, 0, 0, 0.12, 0, 0, 0, 0, 0, 0.14, 0, 0, 0, 1.0
0, 0, 0, 0, 0, 0, 0, 0, 0, 0, 0, 0, 0, 0, 0, 0, 0, 0, 0, 0.24, 1.0
0, 0, 0, 0, 0, 0, 0, 0, 0, 0, 0, 0, 0, 0, 0.19, 0, 0, 0, 0, 0, 1.0
0.11, 0, 0.19, 0, 0.28, 0, 0, 0, 0.15, 0, 0, 0, 0, 0, 0, 0, 0, 0, 0, 0, 1.0
0, 0, 0, 0, 0, 0, 0, 0, 0, 0, 0.12, 0, 0, 0, 0, 0, 0, 0, 0, 0, 1.0
0.11, 0, 0, 0, 0, 0, 0, 0, 0, 0, 0.12, 0, 0, 0, 0, 0, 0.14, 0, 0.07, 0, 1.0
0, 0, 0.19, 0, 0, 0, 0, 0, 0, 0, 0, 0, 0, 0, 0, 0, 0.14, 0, 0, 0, 1.0
0.11, 0, 0, 0, 0, 0, 0, 0, 0, 0, 0, 0, 0.1, 0, 0, 0, 0, 0, 0, 0, 1.0
0, 0, 0, 0, 0, 0, 0, 0, 0.15, 0, 0, 0, 0, 0, 0.19, 0, 0, 0, 0, 0, 1.0
0.11, 0, 0, 0, 0, 0, 0.1, 0, 0, 0, 0.12, 0, 0, 0, 0, 0, 0, 0, 0, 0, 1.0
0.11, 0, 0, 0, 0, 0, 0, 0, 0, 0, 0.12, 0, 0, 0, 0.19, 0, 0, 0, 0, 0, 1.0
0.11, 0, 0, 0, 0, 0, 0, 0, 0.15, 0, 0.12, 0, 0, 0, 0, 0, 0.14, 0, 0, 0, 1.0
0, 0, 0.19, 0, 0, 0, 0, 0, 0, 0, 0, 0, 0, 0, 0.19, 0, 0, 0, 0, 0, 1.0
0, 0, 0, 0, 0, 0, 0, 0, 0, 0, 0, 0, 0, 0, 0.19, 0, 0, 0, 0, 0, 1.0
0, 0, 0, 0, 0, 0, 0, 0, 0, 0, 0.12, 0, 0, 0, 0, 0, 0, 0, 0, 0, 1.0
0, 0, 0, 0, 0.28, 0, 0, 0, 0, 0, 0.12, 0, 0, 0, 0, 0, 0, 0, 0, 0, 1.0
0.11, 0, 0, 0, 0.28, 0, 0, 0, 0, 0, 0.12, 0, 0.1, 0, 0.19, 0, 0, 0, 0, 0, 1.0
0.11, 0, 0.19, 0, 0.28, 0, 0, 0, 0.15, 0, 0, 0, 0, 0, 0, 0, 0, 0, 0, 0, 1.0
0.11, 0, 0.19, 0, 0, 0, 0.1, 0, 0, 0, 0.12, 0, 0, 0, 0.19, 0, 0, 0, 0, 0, 1.0
0.11, 0, 0.19, 0, 0.28, 0, 0.1, 0, 0, 0, 0.12, 0, 0, 0, 0, 0, 0.14, 0, 0.07, 0, 1.0
0, 0, 0, 0, 0, 0, 0, 0, 0, 0, 0, 0, 0, 0, 0, 0, 0, 0, 0, 0, 1.0
0, 0, 0, 0, 0, 0, 0, 0, 0, 0, 0.12, 0, 0, 0, 0.19, 0, 0, 0, 0, 0, 1.0
0.11, 0, 0, 0, 0, 0, 0, 0, 0, 0, 0.12, 0, 0, 0, 0.19, 0, 0, 0, 0, 0, 1.0
0.11, 0, 0.19, 0, 0.28, 0, 0, 0, 0, 0, 0.12, 0, 0, 0, 0, 0, 0.14, 0, 0, 0, 1.0
0, 0, 0, 0, 0, 0, 0.1, 0, 0, 0, 0.12, 0, 0, 0, 0.19, 0, 0, 0, 0, 0, 1.0
0, 0, 0, 0, 0, 0, 0, 0, 0, 0, 0, 0, 0, 0, 0.19, 0, 0, 0.08, 0, 0, 1.0
0, 0, 0, 0, 0, 0, 0, 0, 0, 0, 0, 0, 0, 0, 0, 0, 0, 0, 0, 0, 1.0
0, 0, 0, 0, 0, 0, 0, 0, 0, 0, 0, 0, 0, 0, 0, 0, 0, 0, 0.07, 0, 1.0
0, 0, 0, 0, 0, 0, 0, 0, 0.15, 0, 0, 0, 0, 0, 0.19, 0, 0, 0, 0, 0, 1.0
0, 0, 0, 0, 0, 0, 0, 0, 0, 0, 0, 0, 0, 0, 0.19, 0, 0, 0, 0.07, 0, 1.0
0, 0, 0, 0, 0, 0, 0, 0, 0, 0, 0.12, 0, 0, 0, 0, 0, 0, 0, 0, 0, 1.0
0.11, 0, 0, 0, 0, 0, 0.1, 0, 0, 0, 0.12, 0, 0, 0, 0.19, 0, 0, 0, 0, 0, 1.0
0.11, 0, 0.19, 0, 0, 0, 0, 0, 0, 0, 0.12, 0, 0, 0, 0, 0, 0.14, 0, 0.07, 0, 1.0
0, 0, 0, 0, 0, 0, 0, 0, 0, 0, 0, 0, 0, 0, 0, 0, 0, 0, 0, 0, 1.0
0, 0, 0, 0, 0, 0, 0, 0, 0, 0, 0.12, 0, 0, 0, 0, 0, 0, 0, 0, 0, 1.0
0.11, 0, 0, 0, 0, 0, 0, 0, 0, 0, 0.12, 0, 0, 0, 0.19, 0, 0, 0, 0, 0, 1.0
0.11, 0, 0, 0, 0, 0, 0, 0, 0, 0, 0.12, 0, 0, 0, 0.19, 0, 0.14, 0, 0, 0, 1.0
0, 0, 0, 0, 0, 0, 0, 0, 0, 0, 0, 0, 0, 0, 0.19, 0, 0, 0, 0, 0, -1.0
0.11, 0, 0, 0, 0, 0, 0, 0, 0, 0, 0.12, 0, 0, 0, 0.19, 0, 0.14, 0, 0, 0, 1.0
0, 0, 0.19, 0, 0, 0, 0, 0, 0, 0, 0.12, 0, 0, 0, 0, 0, 0, 0, 0.07, 0, 1.0
0, 0, 0, 0, 0, 0, 0, 0, 0, 0, 0, 0, 0, 0, 0, 0, 0, 0, 0, 0, 1.0
0, 0, 0, 0, 0, 0, 0, 0, 0, 0, 0.12, 0, 0, 0, 0.19, 0, 0, 0, 0.07, 0, 1.0
0.11, 0, 0.19, 0, 0.28, 0, 0, 0, 0, 0, 0.12, 0, 0, 0, 0, 0, 0, 0, 0, 0, 1.0
0, 0, 0, 0, 0, 0, 0, 0, 0, 0, 0, 0, 0, 0, 0.19, 0, 0, 0, 0, 0, 1.0
0, 0, 0, 0, 0, 0, 0, 0, 0, 0, 0.12, 0, 0, 0, 0.19, 0, 0.14, 0, 0, 0.24, 1.0
0, 0, 0, 0, 0, 0, 0, 0, 0, 0, 0, 0, 0, 0, 0, 0, 0, 0, 0, 0, 1.0
0.11, 0, 0.19, 0, 0.28, 0, 0, 0, 0, 0, 0.12, 0, 0, 0, 0.19, 0, 0, 0, 0, 0, 1.0
0.11, 0, 0, 0, 0, 0, 0.1, 0, 0, 0, 0.12, 0, 0, 0, 0, 0, 0.14, 0, 0, 0, 1.0
0, 0, 0, 0, 0, 0, 0, 0, 0, 0, 0, 0, 0, 0, 0.19, 0, 0, 0, 0, 0, 1.0
0.11, 0, 0, 0, 0, 0, 0, 0, 0, 0, 0.12, 0, 0, 0, 0.19, 0, 0, 0, 0, 0, 1.0
0.11, 0, 0.19, 0, 0.28, 0, 0, 0, 0, 0, 0.12, 0, 0, 0, 0.19, 0, 0, 0, 0, 0, 1.0
0.11, 0, 0.19, 0, 0, 0, 0.1, 0, 0, 0, 0.12, 0, 0, 0, 0, 0, 0, 0, 0.07, 0, 1.0
0.11, 0, 0.19, 0, 0.28, 0, 0, 0, 0, 0, 0.12, 0, 0, 0, 0.19, 0, 0, 0, 0, 0, 1.0
0, 0, 0, 0, 0, 0, 0, 0, 0, 0, 0, 0, 0, 0, 0, 0, 0, 0, 0, 0, 1.0
0.11, 0, 0.19, 0, 0.28, 0, 0, 0, 0, 0, 0.12, 0, 0, 0, 0, 0, 0, 0, 0.07, 0, 1.0
0, 0, 0, 0, 0, 0, 0.1, 0, 0, 0, 0.12, 0, 0, 0, 0, 0, 0, 0, 0, 0, 1.0
0, 0, 0, 0, 0, 0, 0, 0, 0, 0, 0, 0, 0, 0, 0.19, 0, 0, 0, 0, 0, 1.0
0.11, 0, 0, 0, 0, 0, 0, 0, 0, 0, 0.12, 0, 0, 0, 0, 0, 0.14, 0, 0, 0, 1.0
0.11, 0, 0, 0, 0, 0, 0, 0, 0, 0, 0.12, 0, 0, 0, 0.19, 0, 0, 0, 0, 0.24, 1.0
0, 0, 0, 0, 0, 0, 0.1, 0, 0, 0.14, 0, 0, 0, 0, 0.19, 0, 0, 0, 0, 0, 1.0
0, 0, 0, 0, 0, 0, 0, 0, 0, 0, 0, 0, 0, 0, 0, 0, 0, 0, 0.07, 0, 1.0
0, 0, 0, 0, 0, 0, 0, 0, 0, 0.14, 0, 0, 0, 0, 0.19, 0, 0, 0, 0, 0, 1.0
0.11, 0, 0.19, 0, 0.28, 0, 0, 0, 0, 0, 0.12, 0, 0, 0, 0, 0, 0, 0, 0.07, 0, 1.0
0.11, 0, 0, 0, 0, 0, 0, 0, 0, 0, 0.12, 0, 0, 0, 0, 0, 0.14, 0, 0, 0, 1.0
0.11, 0, 0.19, 0, 0.28, 0, 0.1, 0, 0, 0.14, 0.12, 0, 0.1, 0, 0.19, 0, 0.14, 0, 0.07, 0, 1.0
0.11, 0, 0, 0, 0, 0, 0, 0, 0.15, 0, 0.12, 0, 0, 0, 0, 0, 0, 0, 0, 0, 1.0
0.11, 0, 0, 0, 0, 0, 0, 0, 0, 0, 0.12, 0, 0, 0, 0.19, 0, 0, 0, 0.07, 0, 1.0
0, 0, 0, 0, 0, 0, 0, 0, 0, 0, 0.12, 0, 0, 0, 0.19, 0, 0, 0, 0, 0, 1.0
0, 0, 0, 0, 0, 0, 0, 0, 0, 0, 0, 0, 0, 0, 0, 0, 0, 0, 0, 0, -1.0
0, 0, 0, 0, 0, 0, 0, 0, 0, 0, 0, 0, 0, 0, 0.19, 0, 0, 0, 0, 0, 1.0
0.11, 0, 0, 0, 0, 0, 0, 0, 0, 0, 0.12, 0, 0, 0, 0.19, 0, 0, 0, 0, 0, 1.0
0, 0, 0, 0, 0, 0, 0, 0, 0, 0, 0, 0, 0, 0, 0.19, 0, 0, 0, 0, 0, 1.0
0, 0, 0, 0, 0, 0, 0, 0, 0, 0, 0, 0, 0, 0, 0.19, 0, 0, 0, 0, 0, 1.0
0.11, 0, 0, 0, 0, 0, 0.1, 0, 0, 0, 0.12, 0, 0, 0, 0.19, 0, 0, 0, 0, 0, 1.0
0, 0, 0, 0, 0, 0, 0, 0, 0.15, 0, 0, 0, 0, 0, 0.19, 0, 0, 0, 0, 0, 1.0
0, 0, 0, 0, 0, 0, 0.1, 0, 0, 0, 0, 0, 0, 0, 0.19, 0, 0, 0, 0, 0, 1.0
0, 0, 0, 0, 0, 0, 0, 0, 0, 0, 0, 0, 0, 0, 0, 0, 0, 0, 0, 0, 1.0
0, 0, 0, 0, 0, 0, 0, 0, 0, 0, 0, 0, 0, 0, 0.19, 0, 0, 0, 0, 0, 1.0
0.11, 0, 0.19, 0, 0, 0, 0, 0, 0, 0, 0.12, 0, 0.1, 0, 0.19, 0, 0.14, 0, 0, 0, 1.0
0, 0, 0, 0, 0, 0, 0, 0, 0, 0, 0, 0, 0, 0, 0, 0, 0, 0, 0, 0, 1.0
0, 0, 0, 0, 0, 0, 0, 0, 0.15, 0, 0, 0, 0, 0, 0, 0, 0, 0, 0, 0, 1.0
0, 0, 0, 0, 0, 0, 0, 0, 0, 0, 0.12, 0, 0, 0, 0, 0, 0, 0, 0, 0, 1.0
0, 0, 0, 0, 0, 0, 0, 0, 0, 0, 0, 0, 0, 0, 0.19, 0, 0, 0, 0, 0, 1.0
0, 0, 0, 0, 0, 0, 0, 0, 0, 0, 0, 0, 0, 0, 0.19, 0, 0, 0, 0, 0, 1.0
0, 0, 0, 0, 0, 0, 0, 0, 0, 0, 0, 0, 0, 0, 0.19, 0, 0, 0, 0, 0, 1.0
0, 0, 0, 0, 0, 0, 0, 0, 0, 0, 0.12, 0, 0, 0, 0.19, 0, 0, 0, 0, 0, 1.0
0, 0, 0, 0, 0, 0, 0, 0, 0, 0, 0.12, 0, 0.1, 0, 0, 0, 0.14, 0, 0, 0, 1.0
0, 0, 0, 0, 0, 0, 0, 0, 0, 0.14, 0.12, 0, 0, 0, 0, 0, 0, 0, 0, 0, 1.0
0, 0, 0, 0, 0, 0, 0, 0, 0, 0, 0, 0, 0, 0, 0.19, 0, 0, 0, 0, 0, -1.0
0.11, 0, 0, 0, 0, 0, 0, 0, 0, 0, 0.12, 0, 0, 0, 0, 0, 0, 0, 0, 0, 1.0
0, 0, 0, 0, 0, 0, 0.1, 0, 0, 0, 0.12, 0, 0, 0, 0, 0, 0, 0, 0, 0, 1.0
0, 0, 0, 0, 0, 0, 0, 0, 0, 0, 0, 0, 0, 0, 0.19, 0, 0, 0, 0, 0, -1.0
0, 0, 0.19, 0, 0, 0, 0, 0, 0, 0, 0.12, 0, 0, 0, 0, 0, 0, 0, 0, 0, 1.0
0, 0, 0, 0, 0, 0, 0, 0, 0, 0, 0, 0, 0, 0, 0.19, 0, 0, 0, 0, 0, 1.0
0, 0, 0, 0, 0, 0, 0, 0, 0, 0, 0.12, 0, 0, 0, 0.19, 0, 0, 0, 0, 0, 1.0
0, 0, 0, 0, 0, 0, 0, 0, 0, 0, 0, 0, 0, 0, 0.19, 0, 0, 0, 0, 0, 1.0
0, 0, 0, 0, 0, 0, 0.1, 0, 0, 0, 0, 0, 0, 0, 0.19, 0, 0, 0, 0, 0, 1.0
0, 0, 0.19, 0, 0, 0, 0.1, 0, 0, 0, 0.12, 0, 0, 0, 0.19, 0, 0, 0, 0, 0, 1.0
0, 0, 0, 0, 0, 0, 0, 0, 0, 0, 0, 0, 0, 0, 0, 0, 0, 0, 0, 0, 1.0
0.11, 0, 0, 0, 0, 0, 0.1, 0, 0, 0, 0.12, 0, 0, 0, 0, 0, 0.14, 0, 0, 0, 1.0
0, 0, 0, 0, 0, 0, 0, 0, 0, 0, 0, 0, 0, 0, 0.19, 0, 0, 0, 0, 0, 1.0
0, 0, 0, 0, 0, 0, 0, 0, 0, 0, 0.12, 0, 0, 0, 0.19, 0, 0, 0, 0, 0, 1.0
0, 0, 0, 0, 0, 0, 0, 0, 0, 0, 0, 0, 0, 0, 0.19, 0, 0, 0, 0, 0, -1.0
0, 0, 0, 0, 0, 0, 0, 0, 0, 0, 0, 0, 0, 0, 0, 0, 0, 0, 0, 0, 1.0
0.11, 0, 0.19, 0, 0.28, 0, 0.1, 0, 0.15, 0, 0, 0, 0.1, 0, 0.19, 0, 0.14, 0, 0.07, 0, 1.0
0.11, 0, 0.19, 0, 0.28, 0, 0.1, 0, 0.15, 0, 0, 0, 0.1, 0, 0, 0, 0, 0, 0.07, 0, 1.0
0.11, 0, 0.19, 0, 0.28, 0, 0.1, 0, 0.15, 0, 0, 0, 0.1, 0.07, 0.19, 0, 0.14, 0, 0, 0, 1.0
0.11, 0, 0.19, 0, 0.28, 0, 0, 0, 0, 0, 0, 0, 0.1, 0, 0, 0, 0.14, 0, 0, 0, 1.0
0.11, 0, 0.19, 0, 0.28, 0, 0.1, 0, 0, 0, 0, 0, 0.1, 0, 0.19, 0, 0, 0, 0, 0, 1.0
0.11, 0, 0.19, 0, 0.28, 0, 0.1, 0, 0.15, 0, 0, 0, 0.1, 0, 0.19, 0, 0.14, 0, 0.07, 0, 1.0
0.11, 0, 0.19, 0, 0.28, 0, 0.1, 0, 0.15, 0, 0, 0, 0.1, 0, 0, 0, 0.14, 0, 0.07, 0, 1.0
0.11, 0, 0, 0, 0, 0, 0.1, 0, 0, 0, 0, 0, 0.1, 0, 0.19, 0, 0, 0, 0.07, 0, 1.0
0.11, 0, 0.19, 0, 0.28, 0, 0.1, 0, 0.15, 0, 0, 0, 0.1, 0, 0, 0, 0.14, 0, 0.07, 0, 1.0
0, 0, 0.19, 0, 0.28, 0, 0, 0, 0.15, 0, 0, 0, 0.1, 0, 0, 0, 0.14, 0, 0.07, 0, 1.0
0.11, 0, 0, 0, 0, 0, 0.1, 0, 0.15, 0, 0, 0, 0.1, 0, 0.19, 0, 0.14, 0, 0, 0, 1.0
0.11, 0, 0, 0, 0, 0, 0, 0, 0.15, 0, 0, 0, 0.1, 0, 0, 0, 0.14, 0, 0, 0, 1.0
0.11, 0, 0, 0, 0.28, 0, 0, 0, 0.15, 0, 0, 0, 0.1, 0, 0, 0, 0.14, 0, 0.07, 0, 1.0
0.11, 0, 0, 0, 0.28, 0, 0.1, 0, 0.15, 0, 0, 0, 0.1, 0, 0.19, 0, 0.14, 0, 0, 0, 1.0
0.11, 0, 0.19, 0, 0.28, 0, 0.1, 0, 0, 0, 0, 0, 0.1, 0, 0, 0, 0, 0, 0, 0, 1.0
0.11, 0, 0.19, 0, 0.28, 0, 0.1, 0, 0.15, 0, 0, 0, 0.1, 0, 0.19, 0, 0.14, 0, 0.07, 0, 1.0
0.11, 0, 0.19, 0, 0.28, 0, 0.1, 0, 0.15, 0, 0, 0, 0.1, 0, 0, 0, 0.14, 0, 0.07, 0, 1.0
0.11, 0, 0, 0, 0.28, 0, 0.1, 0, 0, 0, 0, 0, 0.1, 0, 0, 0, 0, 0, 0.07, 0, 1.0
0.11, 0, 0.19, 0, 0.28, 0, 0.1, 0, 0, 0, 0, 0, 0.1, 0, 0, 0, 0, 0, 0.07, 0, 1.0
0.11, 0, 0.19, 0, 0.28, 0, 0.1, 0, 0.15, 0, 0, 0, 0.1, 0, 0, 0, 0.14, 0, 0.07, 0, 1.0
0.11, 0, 0.19, 0, 0.28, 0, 0.1, 0, 0, 0, 0, 0, 0.1, 0, 0.19, 0, 0.14, 0, 0, 0, 1.0
0.11, 0, 0.19, 0, 0.28, 0, 0.1, 0, 0.15, 0, 0, 0, 0.1, 0, 0.19, 0, 0.14, 0, 0.07, 0, 1.0
0.11, 0, 0.19, 0, 0.28, 0, 0, 0, 0, 0, 0, 0, 0.1, 0, 0, 0, 0, 0, 0, 0, 1.0
0.11, 0, 0.19, 0, 0.28, 0, 0, 0, 0.15, 0, 0, 0, 0.1, 0, 0.19, 0, 0.14, 0, 0, 0, 1.0
0.11, 0, 0.19, 0, 0.28, 0, 0.1, 0, 0.15, 0, 0, 0, 0.1, 0, 0, 0, 0.14, 0, 0.07, 0, 1.0
0.11, 0, 0.19, 0, 0.28, 0, 0.1, 0, 0.15, 0, 0, 0, 0.1, 0, 0.19, 0, 0, 0, 0, 0, 1.0
0.11, 0, 0, 0, 0, 0, 0.1, 0, 0.15, 0, 0, 0, 0.1, 0, 0, 0, 0, 0, 0.07, 0, 1.0
0.11, 0, 0, 0, 0, 0, 0, 0, 0, 0, 0, 0, 0, 0, 0.19, 0, 0, 0, 0, 0, 1.0
0.11, 0, 0.19, 0, 0, 0, 0, 0, 0, 0, 0.12, 0, 0.1, 0, 0, 0, 0, 0, 0, 0, 1.0
0.11, 0, 0, 0, 0, 0, 0.1, 0, 0.15, 0, 0, 0, 0.1, 0, 0.19, 0, 0.14, 0, 0, 0, 1.0
0.11, 0, 0.19, 0, 0.28, 0, 0, 0, 0, 0, 0.12, 0, 0.1, 0, 0.19, 0, 0, 0, 0.07, 0, 1.0
0.11, 0, 0.19, 0, 0.28, 0, 0, 0, 0.15, 0, 0.12, 0, 0, 0, 0, 0, 0, 0, 0, 0, 1.0
0.11, 0, 0.19, 0, 0.28, 0, 0, 0, 0.15, 0, 0, 0, 0.1, 0, 0.19, 0, 0, 0, 0, 0, 1.0
0.11, 0, 0.19, 0, 0.28, 0, 0, 0, 0, 0, 0, 0, 0.1, 0, 0, 0, 0, 0, 0, 0, 1.0
0, 0, 0, 0, 0, 0, 0, 0, 0, 0, 0, 0, 0, 0, 0.19, 0, 0, 0, 0, 0, -1.0
0.11, 0, 0.19, 0, 0, 0, 0.1, 0, 0, 0, 0.12, 0, 0, 0, 0, 0, 0, 0, 0.07, 0, 1.0
0.11, 0, 0, 0, 0, 0, 0, 0, 0, 0, 0, 0, 0, 0, 0.19, 0, 0, 0, 0, 0, 1.0
0.11, 0, 0, 0, 0, 0, 0, 0, 0.15, 0, 0.12, 0, 0, 0, 0.19, 0, 0.14, 0, 0.07, 0, 1.0
0.11, 0, 0, 0, 0, 0, 0, 0, 0.15, 0, 0.12, 0, 0.1, 0, 0.19, 0, 0, 0, 0, 0, 1.0
0.11, 0, 0.19, 0, 0.28, 0, 0, 0, 0, 0, 0.12, 0, 0.1, 0, 0.19, 0, 0.14, 0, 0, 0, 1.0
0.11, 0, 0.19, 0, 0.28, 0, 0, 0, 0, 0, 0.12, 0, 0.1, 0, 0.19, 0, 0, 0, 0.07, 0, 1.0
0.11, 0, 0, 0, 0, 0, 0, 0, 0, 0, 0.12, 0, 0, 0, 0, 0, 0.14, 0, 0.07, 0, 1.0
0.11, 0, 0.19, 0, 0.28, 0, 0, 0, 0.15, 0, 0.12, 0, 0.1, 0, 0.19, 0, 0, 0, 0, 0, 1.0
0.11, 0, 0, 0, 0, 0, 0, 0, 0.15, 0, 0.12, 0, 0, 0, 0.19, 0, 0, 0, 0, 0, 1.0
0, 0, 0, 0, 0, 0, 0, 0, 0, 0, 0, 0, 0, 0, 0.19, 0, 0, 0, 0, 0, 1.0
0, 0, 0, 0, 0, 0, 0, 0, 0, 0, 0, 0, 0, 0, 0.19, 0, 0, 0, 0, 0, 1.0
0.11, 0, 0, 0, 0, 0, 0.1, 0, 0, 0, 0.12, 0, 0, 0, 0.19, 0, 0, 0, 0, 0, 1.0
0, 0, 0, 0, 0, 0, 0, 0, 0, 0, 0, 0, 0, 0, 0.19, 0, 0, 0, 0, 0, 1.0
0, 0, 0.19, 0, 0, 0, 0, 0, 0, 0, 0, 0, 0, 0, 0, 0, 0, 0, 0, 0, 1.0
0.11, 0, 0, 0, 0, 0, 0.1, 0, 0.15, 0, 0.12, 0, 0, 0, 0.19, 0, 0, 0, 0, 0, 1.0
0, 0, 0, 0, 0, 0, 0, 0, 0.15, 0, 0, 0, 0, 0, 0, 0, 0, 0, 0, 0, 1.0
0, 0, 0, 0, 0, 0, 0, 0, 0, 0, 0, 0, 0, 0, 0.19, 0, 0, 0, 0, 0, 1.0
0, 0, 0, 0, 0, 0, 0, 0, 0, 0, 0, 0, 0, 0, 0.19, 0, 0, 0, 0, 0, 1.0
0.11, 0, 0, 0, 0, 0, 0, 0, 0, 0, 0.12, 0, 0, 0, 0, 0, 0, 0, 0, 0, 1.0
0.11, 0, 0, 0, 0, 0, 0, 0, 0, 0, 0.12, 0, 0, 0, 0, 0, 0.14, 0, 0, 0, 1.0
0.11, 0, 0.19, 0, 0.28, 0, 0, 0, 0.15, 0, 0.12, 0, 0, 0, 0.19, 0, 0, 0, 0, 0, 1.0
0.11, 0, 0.19, 0, 0.28, 0, 0, 0, 0, 0, 0.12, 0, 0, 0, 0.19, 0, 0.14, 0, 0, 0.24, 1.0
0.11, 0, 0, 0, 0, 0, 0, 0, 0, 0, 0.12, 0, 0, 0, 0, 0, 0, 0, 0, 0, -1.0
0.11, 0, 0.19, 0, 0.28, 0, 0.1, 0, 0, 0, 0.12, 0, 0, 0, 0.19, 0, 0, 0, 0, 0, 1.0
0.11, 0, 0.19, 0, 0.28, 0, 0.1, 0, 0, 0, 0.12, 0, 0, 0, 0, 0, 0.14, 0, 0.07, 0, 1.0
0.11, 0, 0, 0, 0.28, 0, 0, 0, 0, 0, 0, 0, 0.1, 0, 0.19, 0, 0, 0, 0, 0, 1.0
0.11, 0, 0, 0, 0, 0, 0, 0, 0, 0, 0.12, 0, 0, 0, 0.19, 0, 0, 0, 0, 0, -1.0
0.11, 0, 0.19, 0, 0.28, 0, 0.1, 0, 0, 0, 0.12, 0, 0, 0, 0.19, 0, 0.14, 0, 0, 0, 1.0
0.11, 0, 0, 0, 0, 0, 0.1, 0, 0.15, 0, 0.12, 0, 0, 0, 0.19, 0, 0, 0, 0.07, 0.24, 1.0
0.11, 0, 0, 0, 0.28, 0, 0, 0, 0, 0, 0.12, 0, 0, 0, 0, 0, 0, 0, 0, 0, 1.0
0, 0, 0, 0, 0, 0, 0, 0, 0.15, 0, 0, 0, 0, 0, 0.19, 0, 0.14, 0, 0, 0, 1.0
0.11, 0, 0.19, 0, 0.28, 0, 0, 0, 0, 0, 0, 0, 0.1, 0, 0.19, 0, 0, 0, 0, 0, 1.0
0.11, 0, 0.19, 0, 0, 0, 0, 0, 0, 0, 0.12, 0, 0.1, 0, 0.19, 0, 0, 0, 0, 0, 1.0
0.11, 0, 0, 0, 0, 0, 0.1, 0, 0, 0, 0.12, 0, 0.1, 0, 0, 0, 0.14, 0, 0, 0, 1.0
0.11, 0, 0.19, 0, 0.28, 0, 0, 0, 0.15, 0, 0, 0, 0.1, 0, 0.19, 0, 0, 0, 0, 0, 1.0
0.11, 0, 0.19, 0, 0.28, 0, 0, 0, 0.15, 0, 0.12, 0, 0.1, 0, 0.19, 0, 0, 0, 0.07, 0, 1.0
0.11, 0, 0.19, 0, 0, 0, 0.1, 0, 0, 0, 0.12, 0, 0, 0, 0, 0, 0, 0, 0, 0, 1.0
0, 0, 0, 0, 0, 0, 0, 0, 0, 0, 0, 0, 0, 0, 0, 0, 0, 0, 0, 0, 1.0
0.11, 0, 0.19, 0, 0, 0, 0.1, 0, 0, 0, 0.12, 0, 0, 0, 0.19, 0, 0, 0, 0, 0, 1.0
0, 0, 0, 0, 0, 0, 0, 0, 0, 0, 0, 0, 0.1, 0, 0, 0, 0, 0, 0, 0, 1.0
0, 0, 0, 0, 0, 0, 0, 0, 0, 0, 0, 0, 0, 0, 0, 0, 0, 0, 0, 0, 1.0
0.11, 0, 0, 0, 0, 0, 0, 0, 0, 0, 0.12, 0, 0, 0, 0, 0, 0.14, 0, 0, 0, 1.0
0.11, 0, 0.19, 0, 0.28, 0, 0, 0, 0, 0, 0.12, 0, 0, 0, 0.19, 0, 0.14, 0, 0, 0, 1.0
0, 0, 0, 0, 0, 0, 0, 0, 0, 0, 0, 0, 0, 0, 0, 0, 0, 0, 0, 0, 1.0
0.11, 0, 0.19, 0, 0.28, 0, 0, 0, 0.15, 0, 0, 0, 0.1, 0, 0.19, 0, 0, 0, 0, 0, 1.0
0, 0, 0, 0, 0, 0, 0, 0, 0, 0, 0.12, 0, 0, 0, 0, 0, 0, 0, 0, 0, 1.0
0, 0, 0, 0, 0, 0, 0, 0, 0, 0, 0, 0, 0, 0, 0, 0, 0, 0, 0.07, 0, 1.0
0.11, 0, 0, 0, 0, 0, 0, 0, 0, 0, 0.12, 0, 0, 0, 0.19, 0, 0, 0, 0, 0, 1.0
0.11, 0, 0, 0, 0, 0, 0, 0, 0, 0, 0.12, 0, 0, 0, 0.19, 0, 0, 0, 0, 0, -1.0
0.11, 0, 0.19, 0, 0.28, 0, 0, 0, 0, 0, 0.12, 0, 0, 0, 0, 0, 0, 0, 0, 0, 1.0
0.11, 0, 0.19, 0, 0.28, 0, 0, 0, 0, 0, 0.12, 0, 0, 0, 0.19, 0, 0, 0, 0, 0, 1.0
0, 0, 0, 0, 0, 0, 0, 0, 0, 0, 0, 0, 0, 0, 0.19, 0, 0, 0, 0, 0, 1.0
0.11, 0, 0.19, 0, 0.28, 0, 0, 0, 0, 0, 0.12, 0, 0, 0, 0, 0, 0, 0, 0, 0, 1.0
0.11, 0, 0.19, 0, 0, 0, 0, 0, 0, 0, 0.12, 0, 0, 0, 0.19, 0, 0.14, 0, 0, 0, 1.0
0.11, 0, 0.19, 0, 0, 0, 0.1, 0, 0, 0, 0.12, 0, 0, 0, 0, 0, 0, 0, 0, 0, 1.0
0, 0, 0, 0, 0, 0, 0, 0, 0, 0, 0.12, 0, 0, 0, 0.19, 0, 0, 0, 0, 0, 1.0
0.11, 0, 0.19, 0, 0, 0, 0.1, 0, 0, 0, 0.12, 0, 0, 0, 0.19, 0, 0.14, 0, 0, 0, 1.0
0, 0, 0, 0, 0, 0, 0, 0, 0, 0, 0, 0, 0, 0, 0.19, 0, 0, 0, 0.07, 0, 1.0
0, 0, 0, 0, 0, 0, 0, 0, 0, 0, 0, 0, 0, 0, 0.19, 0, 0, 0, 0, 0, -1.0
0, 0, 0, 0, 0, 0, 0, 0, 0, 0, 0.12, 0, 0, 0, 0.19, 0, 0, 0, 0.07, 0, 1.0
0, 0, 0, 0, 0, 0, 0, 0, 0, 0, 0, 0, 0, 0, 0.19, 0, 0, 0, 0.07, 0, 1.0
0.11, 0, 0.19, 0, 0.28, 0, 0, 0, 0, 0, 0.12, 0, 0, 0, 0.19, 0, 0, 0, 0, 0, 1.0
0, 0, 0, 0, 0, 0, 0, 0, 0, 0, 0, 0, 0, 0, 0, 0, 0, 0, 0, 0, -1.0
0, 0, 0, 0, 0, 0, 0, 0, 0, 0, 0, 0, 0, 0, 0, 0, 0, 0, 0, 0, -1.0
0, 0, 0, 0, 0, 0, 0, 0, 0.15, 0, 0, 0, 0, 0, 0.19, 0, 0, 0, 0, 0, 1.0
0, 0, 0, 0, 0, 0, 0.1, 0, 0, 0, 0.12, 0, 0.1, 0, 0.19, 0, 0, 0, 0, 0, 1.0
0.11, 0, 0.19, 0, 0.28, 0, 0, 0, 0, 0, 0.12, 0, 0, 0, 0.19, 0, 0, 0, 0, 0, 1.0
0.11, 0, 0, 0, 0, 0, 0, 0, 0, 0, 0, 0, 0, 0, 0.19, 0, 0, 0, 0, 0, 1.0
0, 0, 0, 0, 0, 0, 0, 0, 0, 0, 0.12, 0, 0, 0, 0, 0, 0, 0, 0, 0, 1.0
0.11, 0, 0.19, 0, 0.28, 0, 0, 0, 0, 0, 0.12, 0, 0, 0, 0.19, 0, 0, 0, 0, 0, 1.0
0.11, 0, 0.19, 0, 0.28, 0, 0, 0, 0, 0, 0.12, 0, 0, 0, 0.19, 0, 0, 0, 0, 0, 1.0
0.11, 0, 0.19, 0, 0, 0, 0.1, 0, 0, 0, 0.12, 0, 0, 0, 0.19, 0, 0, 0, 0, 0, 1.0
0.11, 0, 0.19, 0, 0.28, 0, 0.1, 0, 0, 0, 0.12, 0, 0, 0, 0.19, 0, 0, 0, 0, 0, 1.0
0, 0, 0, 0, 0, 0, 0, 0, 0, 0, 0.12, 0, 0, 0, 0.19, 0, 0, 0, 0, 0, 1.0
0.11, 0, 0.19, 0, 0, 0, 0, 0, 0, 0, 0.12, 0, 0, 0, 0.19, 0, 0, 0, 0.07, 0, 1.0
0.11, 0, 0.19, 0, 0.28, 0, 0, 0, 0, 0, 0.12, 0, 0, 0, 0, 0, 0, 0, 0, 0, 1.0
0.11, 0, 0, 0, 0, 0, 0, 0, 0, 0, 0.12, 0, 0, 0, 0.19, 0, 0, 0, 0, 0, 1.0
0.11, 0, 0, 0, 0, 0, 0, 0, 0, 0, 0.12, 0, 0, 0, 0.19, 0, 0.14, 0, 0.07, 0, 1.0
0, 0, 0, 0, 0, 0, 0, 0, 0, 0, 0.12, 0, 0, 0, 0, 0, 0, 0, 0, 0, 1.0
0.11, 0, 0, 0, 0, 0, 0, 0, 0, 0, 0.12, 0, 0, 0, 0, 0, 0, 0, 0, 0, 1.0
0.11, 0, 0, 0, 0, 0, 0.1, 0, 0, 0, 0.12, 0, 0, 0, 0.19, 0, 0.14, 0, 0, 0, 1.0
0, 0, 0, 0, 0, 0, 0, 0, 0, 0, 0, 0, 0, 0, 0.19, 0, 0, 0, 0, 0, 1.0
0, 0, 0, 0, 0, 0, 0.1, 0, 0, 0, 0.12, 0, 0, 0, 0, 0, 0, 0, 0.07, 0, 1.0
0, 0, 0, 0, 0, 0, 0, 0, 0, 0, 0.12, 0, 0, 0, 0, 0, 0, 0, 0, 0, 1.0
0.11, 0, 0.19, 0, 0.28, 0, 0.1, 0, 0, 0, 0, 0, 0, 0, 0, 0, 0.14, 0, 0.07, 0, 1.0
0.11, 0, 0.19, 0, 0, 0, 0.1, 0, 0, 0, 0.12, 0, 0, 0, 0.19, 0, 0, 0, 0.07, 0, 1.0
0, 0, 0.19, 0, 0, 0, 0.1, 0, 0, 0, 0.12, 0, 0.1, 0, 0, 0, 0, 0, 0, 0, 1.0
0, 0, 0.19, 0, 0.28, 0, 0.1, 0, 0, 0, 0, 0, 0, 0, 0.19, 0, 0, 0, 0, 0, 1.0
0, 0, 0, 0, 0, 0, 0, 0, 0, 0, 0, 0, 0, 0, 0.19, 0, 0, 0, 0, 0, -1.0
0.11, 0, 0, 0, 0, 0, 0, 0, 0, 0, 0.12, 0, 0, 0, 0, 0, 0, 0, 0, 0, 1.0
0, 0, 0, 0, 0, 0, 0, 0, 0, 0, 0, 0, 0, 0, 0.19, 0, 0, 0, 0, 0, 1.0
0, 0, 0, 0, 0, 0, 0, 0, 0, 0, 0, 0, 0, 0, 0.19, 0, 0, 0, 0, 0, 1.0
0, 0, 0, 0, 0.28, 0, 0, 0, 0, 0, 0, 0, 0, 0, 0, 0, 0.14, 0, 0, 0, 1.0
0.11, 0, 0, 0, 0, 0, 0, 0, 0, 0, 0.12, 0, 0, 0, 0.19, 0, 0, 0, 0, 0.24, 1.0
0.11, 0, 0, 0, 0, 0, 0, 0, 0, 0, 0.12, 0, 0, 0, 0, 0, 0.14, 0, 0, 0, 1.0
0, 0, 0, 0, 0, 0, 0, 0, 0.15, 0, 0.12, 0, 0, 0, 0, 0, 0, 0, 0, 0, 1.0
0, 0, 0, 0, 0, 0, 0, 0, 0, 0, 0, 0, 0, 0, 0.19, 0, 0, 0, 0, 0, -1.0
0.11, 0, 0.19, 0, 0.28, 0, 0, 0, 0.15, 0, 0, 0, 0, 0, 0.19, 0, 0, 0, 0, 0, 1.0
0, 0, 0, 0, 0, 0, 0, 0, 0, 0, 0, 0, 0, 0, 0, 0, 0, 0, 0, 0, -1.0
0.11, 0, 0, 0, 0, 0, 0, 0, 0, 0, 0.12, 0, 0, 0, 0.19, 0, 0, 0, 0, 0, 1.0
0.11, 0, 0, 0, 0.28, 0, 0.1, 0, 0, 0, 0.12, 0, 0, 0, 0.19, 0, 0, 0, 0, 0, 1.0
0.11, 0, 0.19, 0, 0.28, 0, 0, 0, 0, 0, 0, 0, 0.1, 0, 0.19, 0, 0, 0, 0, 0, 1.0
0, 0, 0, 0, 0, 0, 0, 0, 0, 0, 0.12, 0, 0, 0, 0, 0, 0, 0, 0, 0, -1.0
0.11, 0, 0.19, 0, 0, 0, 0, 0, 0, 0, 0.12, 0, 0, 0, 0.19, 0, 0, 0, 0, 0, 1.0
0.11, 0, 0.19, 0, 0.28, 0, 0, 0, 0, 0, 0, 0, 0.1, 0, 0.19, 0, 0, 0, 0, 0, 1.0
0.11, 0, 0.19, 0, 0.28, 0, 0, 0, 0, 0, 0, 0, 0, 0, 0, 0, 0, 0, 0, 0, 1.0
0, 0, 0, 0, 0, 0, 0, 0, 0, 0, 0, 0, 0, 0, 0, 0, 0, 0, 0.07, 0, 1.0
0, 0, 0, 0, 0, 0, 0, 0, 0, 0, 0.12, 0, 0, 0, 0.19, 0, 0.14, 0, 0, 0, -1.0
0.11, 0, 0.19, 0, 0.28, 0, 0, 0, 0, 0, 0, 0, 0, 0, 0.19, 0, 0, 0, 0, 0, 1.0
0.11, 0, 0.19, 0, 0.28, 0, 0, 0, 0, 0, 0.12, 0, 0, 0, 0, 0, 0, 0, 0, 0, 1.0
0.11, 0, 0, 0, 0.28, 0, 0.1, 0, 0, 0, 0.12, 0, 0, 0, 0.19, 0, 0, 0, 0, 0, 1.0
0, 0, 0, 0, 0, 0, 0, 0, 0, 0, 0, 0, 0, 0, 0.19, 0, 0, 0, 0, 0, 1.0
0, 0, 0.19, 0, 0, 0, 0.1, 0, 0, 0, 0.12, 0, 0, 0, 0, 0, 0, 0, 0, 0, 1.0
0.11, 0, 0.19, 0, 0.28, 0, 0, 0, 0, 0, 0, 0, 0, 0, 0.19, 0, 0, 0, 0, 0, 1.0
0, 0, 0, 0, 0, 0, 0, 0, 0, 0, 0, 0, 0, 0, 0.19, 0, 0, 0, 0, 0, 1.0
0.11, 0, 0.19, 0, 0.28, 0, 0, 0, 0, 0, 0, 0, 0, 0, 0.19, 0, 0, 0, 0, 0, 1.0
0, 0, 0, 0, 0, 0, 0, 0, 0, 0, 0.12, 0, 0, 0, 0, 0, 0, 0, 0, 0, -1.0
0, 0, 0, 0, 0, 0, 0, 0, 0, 0, 0, 0, 0, 0, 0, 0, 0, 0, 0.07, 0, 1.0
0.11, 0, 0.19, 0, 0, 0, 0.1, 0, 0, 0, 0.12, 0, 0, 0, 0.19, 0, 0, 0, 0, 0, 1.0
0.11, 0, 0, 0, 0, 0, 0.1, 0, 0, 0, 0.12, 0, 0, 0, 0, 0, 0, 0, 0, 0, 1.0
0.11, 0, 0.19, 0, 0.28, 0, 0, 0, 0.15, 0, 0.12, 0, 0, 0, 0.19, 0, 0, 0, 0.07, 0, 1.0
0.11, 0, 0.19, 0, 0.28, 0, 0, 0, 0, 0, 0, 0, 0, 0, 0.19, 0, 0, 0, 0, 0, 1.0
0.11, 0, 0.19, 0, 0, 0, 0, 0, 0, 0, 0.12, 0, 0, 0, 0, 0, 0, 0, 0, 0, 1.0
0.11, 0, 0.19, 0, 0.28, 0, 0, 0, 0, 0, 0.12, 0, 0, 0, 0, 0, 0.14, 0, 0, 0, 1.0
0, 0, 0.19, 0, 0, 0, 0, 0, 0, 0, 0.12, 0, 0, 0, 0.19, 0, 0, 0, 0, 0, 1.0
0.11, 0, 0, 0, 0, 0, 0, 0, 0.15, 0, 0, 0, 0, 0, 0, 0, 0.14, 0, 0, 0, -1.0
0.11, 0, 0.19, 0, 0.28, 0, 0, 0, 0, 0, 0.12, 0, 0, 0, 0.19, 0, 0, 0, 0, 0, 1.0
0, 0, 0, 0, 0, 0, 0.1, 0, 0, 0, 0.12, 0, 0, 0, 0.19, 0, 0, 0, 0.07, 0, 1.0
0, 0, 0, 0, 0, 0, 0, 0, 0, 0, 0, 0, 0, 0, 0, 0, 0, 0, 0, 0, -1.0
0.11, 0, 0.19, 0.11, 0.28, 0, 0.1, 0, 0, 0, 0.12, 0, 0, 0, 0.19, 0, 0, 0, 0, 0, 1.0
0.11, 0, 0.19, 0, 0.28, 0, 0.1, 0, 0, 0, 0.12, 0, 0, 0, 0, 0, 0.14, 0, 0, 0, 1.0
0.11, 0, 0, 0, 0, 0, 0.1, 0, 0, 0, 0.12, 0, 0, 0, 0, 0, 0.14, 0.08, 0, 0, 1.0
0, 0, 0, 0, 0.28, 0, 0, 0, 0, 0, 0, 0, 0, 0, 0.19, 0, 0, 0, 0, 0, -1.0
0.11, 0, 0, 0, 0, 0, 0.1, 0, 0.15, 0, 0.12, 0, 0, 0, 0, 0, 0, 0, 0, 0, 1.0
0.11, 0, 0.19, 0, 0.28, 0, 0, 0, 0, 0, 0.12, 0, 0, 0, 0, 0, 0, 0, 0, 0, 1.0
0.11, 0, 0.19, 0, 0.28, 0, 0, 0, 0, 0, 0.12, 0, 0, 0, 0.19, 0, 0, 0, 0, 0, 1.0
0.11, 0, 0, 0, 0, 0, 0, 0, 0.15, 0, 0.12, 0, 0, 0, 0.19, 0, 0, 0, 0, 0, 1.0
0.11, 0, 0.19, 0, 0.28, 0, 0, 0, 0, 0, 0.12, 0, 0.1, 0, 0.19, 0, 0, 0, 0, 0, 1.0
0.11, 0, 0.19, 0, 0.28, 0, 0, 0, 0, 0, 0, 0, 0, 0, 0.19, 0, 0, 0, 0, 0, 1.0
0.11, 0, 0.19, 0, 0.28, 0, 0, 0, 0, 0, 0, 0, 0, 0, 0.19, 0, 0, 0, 0, 0, 1.0
0.11, 0, 0.19, 0, 0.28, 0, 0, 0, 0, 0, 0.12, 0, 0, 0, 0, 0, 0, 0, 0.07, 0, 1.0
0.11, 0, 0.19, 0, 0.28, 0, 0, 0, 0, 0, 0.12, 0, 0, 0, 0.19, 0, 0, 0, 0, 0, 1.0
0.11, 0, 0.19, 0, 0.28, 0, 0, 0, 0, 0, 0.12, 0, 0, 0, 0.19, 0, 0, 0, 0, 0, 1.0
0.11, 0, 0.19, 0, 0.28, 0, 0.1, 0, 0, 0, 0.12, 0, 0, 0, 0.19, 0, 0, 0, 0, 0, 1.0
0.11, 0, 0.19, 0, 0.28, 0, 0, 0, 0, 0, 0.12, 0, 0, 0, 0.19, 0, 0, 0, 0, 0, -1.0
0, 0, 0, 0, 0, 0, 0, 0, 0, 0, 0, 0, 0, 0, 0, 0, 0, 0, 0, 0, 1.0
0.11, 0, 0.19, 0, 0.28, 0, 0, 0, 0, 0, 0.12, 0, 0, 0, 0.19, 0, 0, 0, 0, 0, 1.0
0.11, 0, 0.19, 0, 0.28, 0, 0, 0, 0, 0, 0.12, 0, 0, 0, 0.19, 0, 0, 0, 0, 0, 1.0
0, 0, 0.19, 0, 0, 0, 0, 0, 0, 0, 0, 0, 0, 0, 0.19, 0, 0, 0, 0, 0, 1.0
0, 0, 0, 0, 0, 0, 0, 0, 0, 0, 0, 0, 0, 0, 0.19, 0, 0, 0, 0, 0, -1.0
0.11, 0, 0.19, 0, 0.28, 0, 0, 0, 0, 0, 0.12, 0, 0, 0, 0, 0, 0.14, 0, 0, 0, 1.0
0.11, 0, 0.19, 0, 0.28, 0, 0, 0, 0, 0, 0.12, 0, 0, 0, 0.19, 0, 0.14, 0, 0, 0, 1.0
0, 0, 0, 0, 0, 0, 0, 0, 0, 0, 0, 0, 0, 0, 0.19, 0, 0, 0, 0, 0, 1.0
0.11, 0, 0.19, 0, 0.28, 0, 0, 0, 0, 0, 0.12, 0, 0, 0, 0, 0, 0.14, 0, 0, 0, 1.0
0.11, 0, 0.19, 0, 0.28, 0, 0.1, 0, 0, 0, 0.12, 0, 0, 0, 0, 0, 0, 0, 0, 0, 1.0
0.11, 0, 0.19, 0, 0.28, 0, 0, 0, 0, 0, 0.12, 0, 0, 0, 0.19, 0, 0, 0, 0, 0, 1.0
0.11, 0, 0, 0, 0, 0, 0, 0, 0.15, 0, 0, 0, 0.1, 0, 0, 0, 0, 0, 0, 0, 1.0
0.11, 0, 0.19, 0, 0.28, 0, 0, 0, 0, 0, 0, 0, 0.1, 0, 0.19, 0, 0, 0, 0, 0, 1.0
0.11, 0, 0, 0, 0, 0, 0, 0, 0, 0, 0, 0, 0.1, 0, 0.19, 0, 0, 0, 0, 0, 1.0
0.11, 0, 0, 0, 0, 0, 0, 0, 0, 0, 0, 0, 0, 0, 0, 0, 0, 0, 0, 0, 1.0
0.11, 0, 0.19, 0, 0.28, 0, 0, 0, 0, 0, 0.12, 0, 0, 0, 0.19, 0, 0, 0, 0, 0, 1.0
0.11, 0, 0.19, 0, 0.28, 0, 0, 0, 0, 0, 0.12, 0, 0, 0, 0.19, 0, 0, 0, 0, 0, 1.0
0, 0, 0, 0, 0.28, 0, 0.1, 0, 0, 0, 0.12, 0, 0, 0, 0.19, 0, 0.14, 0, 0.07, 0, 1.0
0.11, 0, 0.19, 0, 0.28, 0, 0, 0, 0, 0, 0.12, 0, 0, 0, 0.19, 0, 0, 0, 0, 0, 1.0
0, 0, 0, 0, 0, 0.12, 0, 0, 0, 0, 0.12, 0, 0, 0, 0.19, 0, 0, 0, 0, 0, 1.0